0.00125	0.00125	-7.37697e-06	8.41357e-05	1
0.00375	0.00125	-7.377e-06	0.000113609	1
0.00625	0.00125	-7.37701e-06	9.28509e-05	1
0.00875	0.00125	-7.37703e-06	0.000118841	1
0.01125	0.00125	-7.37705e-06	0.000130061	1
0.01375	0.00125	-7.37708e-06	0.000151703	1
0.01625	0.00125	-7.37711e-06	0.0001661	1
0.01875	0.00125	-7.37714e-06	0.000181326	1
0.02125	0.00125	-7.37717e-06	0.000190901	1
0.02375	0.00125	-7.37721e-06	0.000197924	1
0.02625	0.00125	-7.37725e-06	0.000199535	1
0.02875	0.00125	-7.37728e-06	0.000197077	1
0.03125	0.00125	-7.37732e-06	0.000189343	1
0.03375	0.00125	-7.37736e-06	0.000176975	1
0.03625	0.00125	-7.37739e-06	0.000159714	1
0.03875	0.00125	-7.37742e-06	0.00013811	1
0.04125	0.00125	-7.37744e-06	0.000112429	1
0.04375	0.00125	-7.37746e-06	8.33632e-05	1
0.04625	0.00125	-7.37748e-06	5.15393e-05	1
0.04875	0.00125	-7.37748e-06	1.75859e-05	1
0.05125	0.00125	-7.37748e-06	-1.75859e-05	1
0.05375	0.00125	-7.37748e-06	-5.15393e-05	1
0.05625	0.00125	-7.37746e-06	-8.33632e-05	1
0.05875	0.00125	-7.37744e-06	-0.000112429	1
0.06125	0.00125	-7.37742e-06	-0.00013811	1
0.06375	0.00125	-7.37739e-06	-0.000159714	1
0.06625	0.00125	-7.37736e-06	-0.000176975	1
0.06875	0.00125	-7.37732e-06	-0.000189343	1
0.07125	0.00125	-7.37728e-06	-0.000197077	1
0.07375	0.00125	-7.37725e-06	-0.000199535	1
0.07625	0.00125	-7.37721e-06	-0.000197924	1
0.07875	0.00125	-7.37717e-06	-0.000190901	1
0.08125	0.00125	-7.37714e-06	-0.000181326	1
0.08375	0.00125	-7.37711e-06	-0.0001661	1
0.08625	0.00125	-7.37708e-06	-0.000151703	1
0.08875	0.00125	-7.37705e-06	-0.000130061	1
0.09125	0.00125	-7.37703e-06	-0.000118841	1
0.09375	0.00125	-7.37701e-06	-9.28509e-05	1
0.09625	0.00125	-7.377e-06	-0.000113609	1
0.09875	0.00125	-7.37697e-06	-8.41357e-05	1
0.00125	0.00375	-5.53905e-06	-3.42065e-05	-1
0.00375	0.00375	-5.53903e-06	-3.14577e-06	-1
0.00625	0.00375	-5.53904e-06	7.33961e-05	-1
0.00875	0.00375	-5.53906e-06	0.0001028	-1
0.01125	0.00375	-5.53908e-06	0.000136174	-1
0.01375	0.00375	-5.5391e-06	0.000160112	-1
0.01625	0.00375	-5.53913e-06	0.000180214	-1
0.01875	0.00375	-5.53916e-06	0.000196695	-1
0.02125	0.00375	-5.53919e-06	0.00020784	-1
0.02375	0.00375	-5.53923e-06	0.000215165	-1
0.02625	0.00375	-5.53926e-06	0.000216786	-1
0.02875	0.00375	-5.5393e-06	0.000213738	-1
0.03125	0.00375	-5.53934e-06	0.000205	-1
0.03375	0.00375	-5.53937e-06	0.000191225	-1
0.03625	0.00375	-5.5394e-06	0.000172178	-1
0.03875	0.00375	-5.53943e-06	0.000148485	-1
0.04125	0.00375	-5.53945e-06	0.000120468	-1
0.04375	0.00375	-5.53947e-06	8.89307e-05	-1
0.04625	0.00375	-5.53948e-06	5.45856e-05	-1
0.04875	0.00375	-5.53949e-06	1.84663e-05	-1
0.05125	0.00375	-5.53949e-06	-1.84663e-05	-1
0.05375	0.00375	-5.53948e-06	-5.45856e-05	-1
0.05625	0.00375	-5.53947e-06	-8.89307e-05	-1
0.05875	0.00375	-5.53945e-06	-0.000120468	-1
0.06125	0.00375	-5.53943e-06	-0.000148485	-1
0.06375	0.00375	-5.5394e-06	-0.000172178	-1
0.06625	0.00375	-5.53937e-06	-0.000191225	-1
0.06875	0.00375	-5.53934e-06	-0.000205	-1
0.07125	0.00375	-5.5393e-06	-0.000213738	-1
0.07375	0.00375	-5.53926e-06	-0.000216786	-1
0.07625	0.00375	-5.53923e-06	-0.000215165	-1
0.07875	0.00375	-5.53919e-06	-0.00020784	-1
0.08125	0.00375	-5.53916e-06	-0.000196695	-1
0.08375	0.00375	-5.53913e-06	-0.000180214	-1
0.08625	0.00375	-5.5391e-06	-0.000160112	-1
0.08875	0.00375	-5.53908e-06	-0.000136174	-1
0.09125	0.00375	-5.53906e-06	-0.0001028	-1
0.09375	0.00375	-5.53904e-06	-7.33961e-05	-1
0.09625	0.00375	-5.53903e-06	3.14577e-06	-1
0.09875	0.00375	-5.53905e-06	3.42065e-05	-1
0.00125	0.00625	-4.91766e-06	6.47587e-05	1
0.00375	0.00625	-4.91768e-06	0.000102757	1
0.00625	0.00625	-4.91769e-06	0.000110997	1
0.00875	0.00625	-4.91771e-06	0.000144635	1
0.01125	0.00625	-4.91773e-06	0.000165521	1
0.01375	0.00625	-4.91776e-06	0.000193487	1
0.01625	0.00625	-4.91779e-06	0.000213785	1
0.01875	0.00625	-4.91783e-06	0.00023374	1
0.02125	0.00625	-4.91787e-06	0.000246983	1
0.02375	0.00625	-4.91791e-06	0.000256555	1
0.02625	0.00625	-4.91795e-06	0.000259248	1
0.02875	0.00625	-4.918e-06	0.00025646	1
0.03125	0.00625	-4.91804e-06	0.000246887	1
0.03375	0.00625	-4.91808e-06	0.000230929	1
0.03625	0.00625	-4.91812e-06	0.000208556	1
0.03875	0.00625	-4.91815e-06	0.000180277	1
0.04125	0.00625	-4.91818e-06	0.0001465	1
0.04375	0.00625	-4.9182e-06	0.000108316	1
0.04625	0.00625	-4.91821e-06	6.65273e-05	1
0.04875	0.00625	-4.91822e-06	2.25284e-05	1
0.05125	0.00625	-4.91822e-06	-2.25284e-05	1
0.05375	0.00625	-4.91821e-06	-6.65273e-05	1
0.05625	0.00625	-4.9182e-06	-0.000108316	1
0.05875	0.00625	-4.91818e-06	-0.0001465	1
0.06125	0.00625	-4.91815e-06	-0.000180277	1
0.06375	0.00625	-4.91812e-06	-0.000208556	1
0.06625	0.00625	-4.91808e-06	-0.000230929	1
0.06875	0.00625	-4.91804e-06	-0.000246887	1
0.07125	0.00625	-4.918e-06	-0.00025646	1
0.07375	0.00625	-4.91795e-06	-0.000259248	1
0.07625	0.00625	-4.91791e-06	-0.000256555	1
0.07875	0.00625	-4.91787e-06	-0.000246983	1
0.08125	0.00625	-4.91783e-06	-0.00023374	1
0.08375	0.00625	-4.91779e-06	-0.000213785	1
0.08625	0.00625	-4.91776e-06	-0.000193487	1
0.08875	0.00625	-4.91773e-06	-0.000165521	1
0.09125	0.00625	-4.91771e-06	-0.000144635	1
0.09375	0.00625	-4.91769e-06	-0.000110997	1
0.09625	0.00625	-4.91768e-06	-0.000102757	1
0.09875	0.00625	-4.91766e-06	-6.47587e-05	1
0.00125	0.00875	-3.70055e-06	2.5026e-05	-1
0.00375	0.00875	-3.70056e-06	6.18743e-05	-1
0.00625	0.00875	-3.70057e-06	9.76445e-05	-1
0.00875	0.00875	-3.70059e-06	0.000131389	-1
0.01125	0.00875	-3.70061e-06	0.000160162	-1
0.01375	0.00875	-3.70063e-06	0.0001879	-1
0.01625	0.00875	-3.70066e-06	0.000209862	-1
0.01875	0.00875	-3.7007e-06	0.000229209	-1
0.02125	0.00875	-3.70073e-06	0.000242393	-1
0.02375	0.00875	-3.70077e-06	0.0002512	-1
0.02625	0.00875	-3.70081e-06	0.000253502	-1
0.02875	0.00875	-3.70084e-06	0.000250197	-1
0.03125	0.00875	-3.70088e-06	0.000240295	-1
0.03375	0.00875	-3.70092e-06	0.000224317	-1
0.03625	0.00875	-3.70095e-06	0.000202128	-1
0.03875	0.00875	-3.70098e-06	0.000174358	-1
0.04125	0.00875	-3.701e-06	0.000141463	-1
0.04375	0.00875	-3.70102e-06	0.00010439	-1
0.04625	0.00875	-3.70104e-06	6.40221e-05	-1
0.04875	0.00875	-3.70104e-06	2.16368e-05	-1
0.05125	0.00875	-3.70104e-06	-2.16368e-05	-1
0.05375	0.00875	-3.70104e-06	-6.40221e-05	-1
0.05625	0.00875	-3.70102e-06	-0.00010439	-1
0.05875	0.00875	-3.701e-06	-0.000141463	-1
0.06125	0.00875	-3.70098e-06	-0.000174358	-1
0.06375	0.00875	-3.70095e-06	-0.000202128	-1
0.06625	0.00875	-3.70092e-06	-0.000224317	-1
0.06875	0.00875	-3.70088e-06	-0.000240295	-1
0.07125	0.00875	-3.70084e-06	-0.000250197	-1
0.07375	0.00875	-3.70081e-06	-0.000253502	-1
0.07625	0.00875	-3.70077e-06	-0.0002512	-1
0.07875	0.00875	-3.70073e-06	-0.000242393	-1
0.08125	0.00875	-3.7007e-06	-0.000229209	-1
0.08375	0.00875	-3.70066e-06	-0.000209862	-1
0.08625	0.00875	-3.70063e-06	-0.0001879	-1
0.08875	0.00875	-3.70061e-06	-0.000160162	-1
0.09125	0.00875	-3.70059e-06	-0.000131389	-1
0.09375	0.00875	-3.70057e-06	-9.76445e-05	-1
0.09625	0.00875	-3.70056e-06	-6.18743e-05	-1
0.09875	0.00875	-3.70055e-06	-2.5026e-05	-1
0.00125	0.01125	-2.46618e-06	-9.56178e-06	1
0.00375	0.01125	-2.46618e-06	3.33129e-05	1
0.00625	0.01125	-2.46619e-06	0.000104051	1
0.00875	0.01125	-2.46621e-06	0.000144066	1
0.01125	0.01125	-2.46624e-06	0.000185252	1
0.01375	0.01125	-2.46627e-06	0.00021914	1
0.01625	0.01125	-2.46631e-06	0.000249002	1
0.01875	0.01125	-2.46635e-06	0.000273894	1
0.02125	0.01125	-2.4664e-06	0.000292515	1
0.02375	0.01125	-2.46645e-06	0.000305655	1
0.02625	0.01125	-2.4665e-06	0.000310783	1
0.02875	0.01125	-2.46655e-06	0.000308968	1
0.03125	0.01125	-2.4666e-06	0.000299326	1
0.03375	0.01125	-2.46665e-06	0.000280974	1
0.03625	0.01125	-2.46669e-06	0.000254885	1
0.03875	0.01125	-2.46673e-06	0.000221038	1
0.04125	0.01125	-2.46677e-06	0.000179891	1
0.04375	0.01125	-2.4668e-06	0.000133208	1
0.04625	0.01125	-2.46681e-06	8.18034e-05	1
0.04875	0.01125	-2.46682e-06	2.7702e-05	1
0.05125	0.01125	-2.46682e-06	-2.7702e-05	1
0.05375	0.01125	-2.46681e-06	-8.18034e-05	1
0.05625	0.01125	-2.4668e-06	-0.000133208	1
0.05875	0.01125	-2.46677e-06	-0.000179891	1
0.06125	0.01125	-2.46673e-06	-0.000221038	1
0.06375	0.01125	-2.46669e-06	-0.000254885	1
0.06625	0.01125	-2.46665e-06	-0.000280974	1
0.06875	0.01125	-2.4666e-06	-0.000299326	1
0.07125	0.01125	-2.46655e-06	-0.000308968	1
0.07375	0.01125	-2.4665e-06	-0.000310783	1
0.07625	0.01125	-2.46645e-06	-0.000305655	1
0.07875	0.01125	-2.4664e-06	-0.000292515	1
0.08125	0.01125	-2.46635e-06	-0.000273894	1
0.08375	0.01125	-2.46631e-06	-0.000249002	1
0.08625	0.01125	-2.46627e-06	-0.00021914	1
0.08875	0.01125	-2.46624e-06	-0.000185252	1
0.09125	0.01125	-2.46621e-06	-0.000144066	1
0.09375	0.01125	-2.46619e-06	-0.000104051	1
0.09625	0.01125	-2.46618e-06	-3.33129e-05	1
0.09875	0.01125	-2.46618e-06	9.56178e-06	1
0.00125	0.01375	-1.85812e-06	9.17597e-05	-1
0.00375	0.01375	-1.85815e-06	0.00013097	-1
0.00625	0.01375	-1.85816e-06	0.000115726	-1
0.00875	0.01375	-1.85819e-06	0.000150147	-1
0.01125	0.01375	-1.85821e-06	0.000168541	-1
0.01375	0.01375	-1.85824e-06	0.000197422	-1
0.01625	0.01375	-1.85827e-06	0.000218763	-1
0.01875	0.01375	-1.85831e-06	0.000239525	-1
0.02125	0.01375	-1.85835e-06	0.000253998	-1
0.02375	0.01375	-1.8584e-06	0.000264024	-1
0.02625	0.01375	-1.85844e-06	0.000267505	-1
0.02875	0.01375	-1.85848e-06	0.000264892	-1
0.03125	0.01375	-1.85853e-06	0.000255381	-1
0.03375	0.01375	-1.85857e-06	0.000239074	-1
0.03625	0.01375	-1.85861e-06	0.000216023	-1
0.03875	0.01375	-1.85864e-06	0.000186732	-1
0.04125	0.01375	-1.85867e-06	0.000151796	-1
0.04375	0.01375	-1.85869e-06	0.000112169	-1
0.04625	0.01375	-1.8587e-06	6.88543e-05	-1
0.04875	0.01375	-1.85871e-06	2.32995e-05	-1
0.05125	0.01375	-1.85871e-06	-2.32995e-05	-1
0.05375	0.01375	-1.8587e-06	-6.88543e-05	-1
0.05625	0.01375	-1.85869e-06	-0.000112169	-1
0.05875	0.01375	-1.85867e-06	-0.000151796	-1
0.06125	0.01375	-1.85864e-06	-0.000186732	-1
0.06375	0.01375	-1.85861e-06	-0.000216023	-1
0.06625	0.01375	-1.85857e-06	-0.000239074	-1
0.06875	0.01375	-1.85853e-06	-0.000255381	-1
0.07125	0.01375	-1.85848e-06	-0.000264892	-1
0.07375	0.01375	-1.85844e-06	-0.000267505	-1
0.07625	0.01375	-1.8584e-06	-0.000264024	-1
0.07875	0.01375	-1.85835e-06	-0.000253998	-1
0.08125	0.01375	-1.85831e-06	-0.000239525	-1
0.08375	0.01375	-1.85827e-06	-0.000218763	-1
0.08625	0.01375	-1.85824e-06	-0.000197422	-1
0.08875	0.01375	-1.85821e-06	-0.000168541	-1
0.09125	0.01375	-1.85819e-06	-0.000150147	-1
0.09375	0.01375	-1.85816e-06	-0.000115726	-1
0.09625	0.01375	-1.85815e-06	-0.00013097	-1
0.09875	0.01375	-1.85812e-06	-9.17597e-05	-1
0.00125	0.01625	-2.12846e-08	7.314e-06	1
0.00375	0.01625	-2.12797e-08	5.9633e-05	1
0.00625	0.01625	-2.12964e-08	0.00012966	1
0.00875	0.01625	-2.132e-08	0.000179536	1
0.01125	0.01625	-2.13531e-08	0.000226564	1
0.01375	0.01625	-2.13929e-08	0.000269942	1
0.01625	0.01625	-2.14402e-08	0.000310294	1
0.01875	0.01625	-2.14938e-08	0.000343372	1
0.02125	0.01625	-2.1552e-08	0.000369961	1
0.02375	0.01625	-2.16146e-08	0.000389872	1
0.02625	0.01625	-2.16796e-08	0.000398703	1
0.02875	0.01625	-2.17454e-08	0.000399065	1
0.03125	0.01625	-2.18107e-08	0.000390314	1
0.03375	0.01625	-2.18742e-08	0.000367982	1
0.03625	0.01625	-2.19325e-08	0.000336035	1
0.03875	0.01625	-2.19858e-08	0.000293092	1
0.04125	0.01625	-2.20302e-08	0.000238966	1
0.04375	0.01625	-2.20657e-08	0.000177446	1
0.04625	0.01625	-2.20898e-08	0.000109136	1
0.04875	0.01625	-2.21023e-08	3.69996e-05	1
0.05125	0.01625	-2.21023e-08	-3.69996e-05	1
0.05375	0.01625	-2.20898e-08	-0.000109136	1
0.05625	0.01625	-2.20657e-08	-0.000177446	1
0.05875	0.01625	-2.20302e-08	-0.000238966	1
0.06125	0.01625	-2.19858e-08	-0.000293092	1
0.06375	0.01625	-2.19325e-08	-0.000336035	1
0.06625	0.01625	-2.18742e-08	-0.000367982	1
0.06875	0.01625	-2.18107e-08	-0.000390314	1
0.07125	0.01625	-2.17454e-08	-0.000399065	1
0.07375	0.01625	-2.16796e-08	-0.000398703	1
0.07625	0.01625	-2.16146e-08	-0.000389872	1
0.07875	0.01625	-2.1552e-08	-0.000369961	1
0.08125	0.01625	-2.14938e-08	-0.000343372	1
0.08375	0.01625	-2.14402e-08	-0.000310294	1
0.08625	0.01625	-2.13929e-08	-0.000269942	1
0.08875	0.01625	-2.13531e-08	-0.000226564	1
0.09125	0.01625	-2.132e-08	-0.000179536	1
0.09375	0.01625	-2.12964e-08	-0.00012966	1
0.09625	0.01625	-2.12797e-08	-5.9633e-05	1
0.09875	0.01625	-2.12846e-08	-7.314e-06	1
0.00125	0.01875	-1.61427e-08	0.0146876	-0.999892
0.00375	0.01875	-1.61535e-08	0.039606	-0.999215
0.00625	0.01875	-1.61693e-08	0.0621051	-0.99807
0.00875	0.01875	-1.61932e-08	0.0851058	-0.996372
0.01125	0.01875	-1.62237e-08	0.106239	-0.994341
0.01375	0.01875	-1.62609e-08	0.12574	-0.992063
0.01625	0.01875	-1.6304e-08	0.142783	-0.989754
0.01875	0.01875	-1.63524e-08	0.157069	-0.987588
0.02125	0.01875	-1.64051e-08	0.168143	-0.985763
0.02375	0.01875	-1.6461e-08	0.1756	-0.984462
0.02625	0.01875	-1.65187e-08	0.179141	-0.983823
0.02875	0.01875	-1.65773e-08	0.178371	-0.983963
0.03125	0.01875	-1.66346e-08	0.173143	-0.984897
0.03375	0.01875	-1.669e-08	0.163143	-0.986602
0.03625	0.01875	-1.67407e-08	0.148507	-0.988911
0.03875	0.01875	-1.67865e-08	0.129173	-0.991622
0.04125	0.01875	-1.68246e-08	0.105624	-0.994406
0.04375	0.01875	-1.6855e-08	0.0783892	-0.996923
0.04625	0.01875	-1.68753e-08	0.0481856	-0.998838
0.04875	0.01875	-1.6886e-08	0.0163435	-0.999866
0.05125	0.01875	-1.6886e-08	-0.0163435	-0.999866
0.05375	0.01875	-1.68753e-08	-0.0481856	-0.998838
0.05625	0.01875	-1.6855e-08	-0.0783892	-0.996923
0.05875	0.01875	-1.68246e-08	-0.105624	-0.994406
0.06125	0.01875	-1.67865e-08	-0.129173	-0.991622
0.06375	0.01875	-1.67407e-08	-0.148507	-0.988911
0.06625	0.01875	-1.669e-08	-0.163143	-0.986602
0.06875	0.01875	-1.66346e-08	-0.173143	-0.984897
0.07125	0.01875	-1.65773e-08	-0.178371	-0.983963
0.07375	0.01875	-1.65187e-08	-0.179141	-0.983823
0.07625	0.01875	-1.6461e-08	-0.1756	-0.984462
0.07875	0.01875	-1.64051e-08	-0.168143	-0.985763
0.08125	0.01875	-1.63524e-08	-0.157069	-0.987588
0.08375	0.01875	-1.6304e-08	-0.142783	-0.989754
0.08625	0.01875	-1.62609e-08	-0.12574	-0.992063
0.08875	0.01875	-1.62237e-08	-0.106239	-0.994341
0.09125	0.01875	-1.61932e-08	-0.0851058	-0.996372
0.09375	0.01875	-1.61693e-08	-0.0621051	-0.99807
0.09625	0.01875	-1.61535e-08	-0.039606	-0.999215
0.09875	0.01875	-1.61427e-08	-0.0146876	-0.999892
0.00125	0.02125	-1.66935e-08	0.027905	0.999611
0.00375	0.02125	-1.66998e-08	0.087084	0.996201
0.00625	0.02125	-1.67155e-08	0.145938	0.989294
0.00875	0.02125	-1.67381e-08	0.19928	0.979943
0.01125	0.02125	-1.67685e-08	0.247628	0.968855
0.01375	0.02125	-1.68054e-08	0.289329	0.95723
0.01625	0.02125	-1.68485e-08	0.32422	0.945982
0.01875	0.02125	-1.68968e-08	0.351668	0.936125
0.02125	0.02125	-1.69495e-08	0.371555	0.928411
0.02375	0.02125	-1.70054e-08	0.383549	0.923521
0.02625	0.02125	-1.70632e-08	0.387567	0.921842
0.02875	0.02125	-1.71219e-08	0.383166	0.923679
0.03125	0.02125	-1.71795e-08	0.370306	0.92891
0.03375	0.02125	-1.72351e-08	0.348295	0.937385
0.03625	0.02125	-1.72862e-08	0.317311	0.948322
0.03875	0.02125	-1.73324e-08	0.276711	0.960953
0.04125	0.02125	-1.7371e-08	0.227161	0.973857
0.04375	0.02125	-1.74017e-08	0.169241	0.985575
0.04625	0.02125	-1.74224e-08	0.104417	0.994534
0.04875	0.02125	-1.74332e-08	0.0354818	0.99937
0.05125	0.02125	-1.74332e-08	-0.0354818	0.99937
0.05375	0.02125	-1.74224e-08	-0.104417	0.994534
0.05625	0.02125	-1.74017e-08	-0.169241	0.985575
0.05875	0.02125	-1.7371e-08	-0.227161	0.973857
0.06125	0.02125	-1.73324e-08	-0.276711	0.960953
0.06375	0.02125	-1.72862e-08	-0.317311	0.948322
0.06625	0.02125	-1.72351e-08	-0.348295	0.937385
0.06875	0.02125	-1.71795e-08	-0.370306	0.92891
0.07125	0.02125	-1.71219e-08	-0.383166	0.923679
0.07375	0.02125	-1.70632e-08	-0.387567	0.921842
0.07625	0.02125	-1.70054e-08	-0.383549	0.923521
0.07875	0.02125	-1.69495e-08	-0.371555	0.928411
0.08125	0.02125	-1.68968e-08	-0.351668	0.936125
0.08375	0.02125	-1.68485e-08	-0.32422	0.945982
0.08625	0.02125	-1.68054e-08	-0.289329	0.95723
0.08875	0.02125	-1.67685e-08	-0.247628	0.968855
0.09125	0.02125	-1.67381e-08	-0.19928	0.979943
0.09375	0.02125	-1.67155e-08	-0.145938	0.989294
0.09625	0.02125	-1.66998e-08	-0.087084	0.996201
0.09875	0.02125	-1.66935e-08	-0.027905	0.999611
0.00125	0.02375	-1.42758e-08	0.0307385	-0.999527
0.00375	0.02375	-1.42834e-08	0.0936978	-0.995601
0.00625	0.02375	-1.42994e-08	0.156244	-0.987718
0.00875	0.02375	-1.43229e-08	0.214632	-0.976695
0.01125	0.02375	-1.43539e-08	0.269048	-0.963127
0.01375	0.02375	-1.43917e-08	0.318405	-0.947955
0.01625	0.02375	-1.44357e-08	0.362331	-0.93205
0.01875	0.02375	-1.44851e-08	0.400292	-0.916387
0.02125	0.02375	-1.45389e-08	0.431987	-0.90188
0.02375	0.02375	-1.45961e-08	0.456948	-0.889493
0.02625	0.02375	-1.46554e-08	0.474854	-0.880065
0.02875	0.02375	-1.47155e-08	0.484745	-0.874655
0.03125	0.02375	-1.47744e-08	0.48587	-0.874031
0.03375	0.02375	-1.48315e-08	0.47623	-0.879321
0.03625	0.02375	-1.48837e-08	0.454075	-0.890964
0.03875	0.02375	-1.49312e-08	0.416167	-0.909288
0.04125	0.02375	-1.49702e-08	0.359311	-0.933218
0.04375	0.02375	-1.50019e-08	0.280982	-0.959713
0.04625	0.02375	-1.50227e-08	0.179861	-0.983692
0.04875	0.02375	-1.50339e-08	0.0626802	-0.998034
0.05125	0.02375	-1.50339e-08	-0.0626802	-0.998034
0.05375	0.02375	-1.50227e-08	-0.179861	-0.983692
0.05625	0.02375	-1.50019e-08	-0.280982	-0.959713
0.05875	0.02375	-1.49702e-08	-0.359311	-0.933218
0.06125	0.02375	-1.49312e-08	-0.416167	-0.909288
0.06375	0.02375	-1.48837e-08	-0.454075	-0.890964
0.06625	0.02375	-1.48315e-08	-0.47623	-0.879321
0.06875	0.02375	-1.47744e-08	-0.48587	-0.874031
0.07125	0.02375	-1.47155e-08	-0.484745	-0.874655
0.07375	0.02375	-1.46554e-08	-0.474854	-0.880065
0.07625	0.02375	-1.45961e-08	-0.456948	-0.889493
0.07875	0.02375	-1.45389e-08	-0.431987	-0.90188
0.08125	0.02375	-1.44851e-08	-0.400292	-0.916387
0.08375	0.02375	-1.44357e-08	-0.362331	-0.93205
0.08625	0.02375	-1.43917e-08	-0.318405	-0.947955
0.08875	0.02375	-1.43539e-08	-0.269048	-0.963127
0.09125	0.02375	-1.43229e-08	-0.214632	-0.976695
0.09375	0.02375	-1.42994e-08	-0.156244	-0.987718
0.09625	0.02375	-1.42834e-08	-0.0936978	-0.995601
0.09875	0.02375	-1.42758e-08	-0.0307385	-0.999527
0.00125	0.02625	-1.42707e-08	0.0704902	0.997512
0.00375	0.02625	-1.4279e-08	0.201466	0.979495
0.00625	0.02625	-1.42956e-08	0.317286	0.94833
0.00875	0.02625	-1.43199e-08	0.41345	0.910527
0.01125	0.02625	-1.43521e-08	0.488075	0.872801
0.01375	0.02625	-1.43914e-08	0.543117	0.839657
0.01625	0.02625	-1.44373e-08	0.581329	0.813668
0.01875	0.02625	-1.4489e-08	0.605285	0.796009
0.02125	0.02625	-1.45455e-08	0.617102	0.786883
0.02375	0.02625	-1.46059e-08	0.618101	0.786099
0.02625	0.02625	-1.46687e-08	0.609122	0.793077
0.02875	0.02625	-1.47327e-08	0.590033	0.807379
0.03125	0.02625	-1.4796e-08	0.561204	0.827678
0.03375	0.02625	-1.48576e-08	0.52113	0.853478
0.03625	0.02625	-1.49145e-08	0.470627	0.882333
0.03875	0.02625	-1.49664e-08	0.407427	0.913238
0.04125	0.02625	-1.50097e-08	0.333484	0.942756
0.04375	0.02625	-1.50447e-08	0.247703	0.968836
0.04625	0.02625	-1.50682e-08	0.152716	0.98827
0.04875	0.02625	-1.50806e-08	0.052081	0.998643
0.05125	0.02625	-1.50806e-08	-0.052081	0.998643
0.05375	0.02625	-1.50682e-08	-0.152716	0.98827
0.05625	0.02625	-1.50447e-08	-0.247703	0.968836
0.05875	0.02625	-1.50097e-08	-0.333484	0.942756
0.06125	0.02625	-1.49664e-08	-0.407427	0.913238
0.06375	0.02625	-1.49145e-08	-0.470627	0.882333
0.06625	0.02625	-1.48576e-08	-0.52113	0.853478
0.06875	0.02625	-1.4796e-08	-0.561204	0.827678
0.07125	0.02625	-1.47327e-08	-0.590033	0.807379
0.07375	0.02625	-1.46687e-08	-0.609122	0.793077
0.07625	0.02625	-1.46059e-08	-0.618101	0.786099
0.07875	0.02625	-1.45455e-08	-0.617102	0.786883
0.08125	0.02625	-1.4489e-08	-0.605285	0.796009
0.08375	0.02625	-1.44373e-08	-0.581329	0.813668
0.08625	0.02625	-1.43914e-08	-0.543117	0.839657
0.08875	0.02625	-1.43521e-08	-0.488075	0.872801
0.09125	0.02625	-1.43199e-08	-0.41345	0.910527
0.09375	0.02625	-1.42956e-08	-0.317286	0.94833
0.09625	0.02625	-1.4279e-08	-0.201466	0.979495
0.09875	0.02625	-1.42707e-08	-0.0704902	0.997512
0.00125	0.02875	-1.22957e-08	0.0423545	-0.999103
0.00375	0.02875	-1.23034e-08	0.129689	-0.991555
0.00625	0.02875	-1.23206e-08	0.216575	-0.976266
0.00875	0.02875	-1.23458e-08	0.297836	-0.954617
0.01125	0.02875	-1.23794e-08	0.374334	-0.927294
0.01375	0.02875	-1.24204e-08	0.4444	-0.895828
0.01625	0.02875	-1.24685e-08	0.508356	-0.861147
0.01875	0.02875	-1.25228e-08	0.565929	-0.824454
0.02125	0.02875	-1.25824e-08	0.617557	-0.786526
0.02375	0.02875	-1.26461e-08	0.663394	-0.748271
0.02625	0.02875	-1.27127e-08	0.704044	-0.710156
0.02875	0.02875	-1.27807e-08	0.739171	-0.673518
0.03125	0.02875	-1.28478e-08	0.769653	-0.638463
0.03375	0.02875	-1.29136e-08	0.794338	-0.607477
0.03625	0.02875	-1.29735e-08	0.813109	-0.582112
0.03875	0.02875	-1.30295e-08	0.823186	-0.567772
0.04125	0.02875	-1.30746e-08	0.818678	-0.574253
0.04375	0.02875	-1.31127e-08	0.786938	-0.617032
0.04625	0.02875	-1.31367e-08	0.671508	-0.740997
0.04875	0.02875	-1.31502e-08	0.32437	-0.94593
0.05125	0.02875	-1.31502e-08	-0.32437	-0.94593
0.05375	0.02875	-1.31367e-08	-0.671508	-0.740997
0.05625	0.02875	-1.31127e-08	-0.786938	-0.617032
0.05875	0.02875	-1.30746e-08	-0.818678	-0.574253
0.06125	0.02875	-1.30295e-08	-0.823186	-0.567772
0.06375	0.02875	-1.29735e-08	-0.813109	-0.582112
0.06625	0.02875	-1.29136e-08	-0.794338	-0.607477
0.06875	0.02875	-1.28478e-08	-0.769653	-0.638463
0.07125	0.02875	-1.27807e-08	-0.739171	-0.673518
0.07375	0.02875	-1.27127e-08	-0.704044	-0.710156
0.07625	0.02875	-1.26461e-08	-0.663394	-0.748271
0.07875	0.02875	-1.25824e-08	-0.617557	-0.786526
0.08125	0.02875	-1.25228e-08	-0.565929	-0.824454
0.08375	0.02875	-1.24685e-08	-0.508356	-0.861147
0.08625	0.02875	-1.24204e-08	-0.4444	-0.895828
0.08875	0.02875	-1.23794e-08	-0.374334	-0.927294
0.09125	0.02875	-1.23458e-08	-0.297836	-0.954617
0.09375	0.02875	-1.23206e-08	-0.216575	-0.976266
0.09625	0.02875	-1.23034e-08	-0.129689	-0.991555
0.09875	0.02875	-1.22957e-08	-0.0423545	-0.999103
0.00125	0.03125	-1.18862e-08	0.51215	0.858896
0.00375	0.03125	-1.18955e-08	0.851598	0.524196
0.00625	0.03125	-1.19138e-08	0.920893	0.389816
0.00875	0.03125	-1.1941e-08	0.940278	0.340407
0.01125	0.03125	-1.19769e-08	0.944907	0.327339
0.01375	0.03125	-1.20209e-08	0.942554	0.334054
0.01625	0.03125	-1.20727e-08	0.93546	0.353432
0.01875	0.03125	-1.21313e-08	0.924034	0.382309
0.02125	0.03125	-1.21961e-08	0.907849	0.419296
0.02375	0.03125	-1.22656e-08	0.886266	0.463176
0.02625	0.03125	-1.23391e-08	0.858061	0.513547
0.02875	0.03125	-1.24144e-08	0.821877	0.569664
0.03125	0.03125	-1.24902e-08	0.77653	0.63008
0.03375	0.03125	-1.25644e-08	0.718719	0.695301
0.03625	0.03125	-1.26343e-08	0.649709	0.760183
0.03875	0.03125	-1.26986e-08	0.562725	0.826644
0.04125	0.03125	-1.27533e-08	0.463711	0.885986
0.04375	0.03125	-1.27979e-08	0.345081	0.938573
0.04625	0.03125	-1.28283e-08	0.214227	0.976784
0.04875	0.03125	-1.28445e-08	0.073809	0.997272
0.05125	0.03125	-1.28445e-08	-0.073809	0.997272
0.05375	0.03125	-1.28283e-08	-0.214227	0.976784
0.05625	0.03125	-1.27979e-08	-0.345081	0.938573
0.05875	0.03125	-1.27533e-08	-0.463711	0.885986
0.06125	0.03125	-1.26986e-08	-0.562725	0.826644
0.06375	0.03125	-1.26343e-08	-0.649709	0.760183
0.06625	0.03125	-1.25644e-08	-0.718719	0.695301
0.06875	0.03125	-1.24902e-08	-0.77653	0.63008
0.07125	0.03125	-1.24144e-08	-0.821877	0.569664
0.07375	0.03125	-1.23391e-08	-0.858061	0.513547
0.07625	0.03125	-1.22656e-08	-0.886266	0.463176
0.07875	0.03125	-1.21961e-08	-0.907849	0.419296
0.08125	0.03125	-1.21313e-08	-0.924034	0.382309
0.08375	0.03125	-1.20727e-08	-0.93546	0.353432
0.08625	0.03125	-1.20209e-08	-0.942554	0.334054
0.08875	0.03125	-1.19769e-08	-0.944907	0.327339
0.09125	0.03125	-1.1941e-08	-0.940278	0.340407
0.09375	0.03125	-1.19138e-08	-0.920893	0.389816
0.09625	0.03125	-1.18955e-08	-0.851598	0.524196
0.09875	0.03125	-1.18862e-08	-0.51215	0.858896
0.00125	0.03375	-1.02174e-08	0.0537232	-0.998556
0.00375	0.03375	-1.02262e-08	0.162635	-0.986686
0.00625	0.03375	-1.02456e-08	0.270224	-0.962798
0.00875	0.03375	-1.02741e-08	0.371182	-0.92856
0.01125	0.03375	-1.03123e-08	0.465992	-0.884789
0.01375	0.03375	-1.03591e-08	0.55299	-0.833188
0.01625	0.03375	-1.04147e-08	0.632499	-0.774561
0.01875	0.03375	-1.04775e-08	0.704483	-0.70972
0.02125	0.03375	-1.05477e-08	0.769487	-0.638662
0.02375	0.03375	-1.06231e-08	0.827428	-0.561571
0.02625	0.03375	-1.07031e-08	0.879239	-0.476381
0.02875	0.03375	-1.07859e-08	0.923528	-0.38353
0.03125	0.03375	-1.08684e-08	0.960835	-0.277123
0.03375	0.03375	-1.09512e-08	0.987413	-0.158165
0.03625	0.03375	-1.1026e-08	0.999836	-0.0181271
0.03875	0.03375	-1.10994e-08	0.989052	0.14757
0.04125	0.03375	-1.11555e-08	0.939819	0.341673
0.04375	0.03375	-1.12076e-08	0.819585	0.572957
0.04625	0.03375	-1.12368e-08	0.586086	0.810249
0.04875	0.03375	-1.12558e-08	0.227837	0.973699
0.05125	0.03375	-1.12558e-08	-0.227837	0.973699
0.05375	0.03375	-1.12368e-08	-0.586086	0.810249
0.05625	0.03375	-1.12076e-08	-0.819585	0.572957
0.05875	0.03375	-1.11555e-08	-0.939819	0.341673
0.06125	0.03375	-1.10994e-08	-0.989052	0.14757
0.06375	0.03375	-1.1026e-08	-0.999836	-0.0181271
0.06625	0.03375	-1.09512e-08	-0.987413	-0.158165
0.06875	0.03375	-1.08684e-08	-0.960835	-0.277123
0.07125	0.03375	-1.07859e-08	-0.923528	-0.38353
0.07375	0.03375	-1.07031e-08	-0.879239	-0.476381
0.07625	0.03375	-1.06231e-08	-0.827428	-0.561571
0.07875	0.03375	-1.05477e-08	-0.769487	-0.638662
0.08125	0.03375	-1.04775e-08	-0.704483	-0.70972
0.08375	0.03375	-1.04147e-08	-0.632499	-0.774561
0.08625	0.03375	-1.03591e-08	-0.55299	-0.833188
0.08875	0.03375	-1.03123e-08	-0.465992	-0.884789
0.09125	0.03375	-1.02741e-08	-0.371182	-0.92856
0.09375	0.03375	-1.02456e-08	-0.270224	-0.962798
0.09625	0.03375	-1.02262e-08	-0.162635	-0.986686
0.09875	0.03375	-1.02174e-08	-0.0537232	-0.998556
0.00125	0.03625	-9.52055e-09	0.155944	-0.987766
0.00375	0.03625	-9.53085e-09	0.432346	-0.901708
0.00625	0.03625	-9.55172e-09	0.641404	-0.767204
0.00875	0.03625	-9.58272e-09	0.782573	-0.622558
0.01125	0.03625	-9.62405e-09	0.87423	-0.485512
0.01375	0.03625	-9.67486e-09	0.933054	-0.359736
0.01625	0.03625	-9.73555e-09	0.969846	-0.243719
0.01875	0.03625	-9.80433e-09	0.990932	-0.134362
0.02125	0.03625	-9.88217e-09	0.999609	-0.0279518
0.02375	0.03625	-9.96567e-09	0.997073	0.0764519
0.02625	0.03625	-1.00566e-08	0.983141	0.182849
0.02875	0.03625	-1.01496e-08	0.957135	0.289641
0.03125	0.03625	-1.0247e-08	0.917314	0.398163
0.03375	0.03625	-1.03417e-08	0.860653	0.509192
0.03625	0.03625	-1.04355e-08	0.78888	0.614547
0.03875	0.03625	-1.0521e-08	0.690423	0.723406
0.04125	0.03625	-1.05978e-08	0.580144	0.814514
0.04375	0.03625	-1.06598e-08	0.43432	0.900759
0.04625	0.03625	-1.07042e-08	0.276088	0.961132
0.04875	0.03625	-1.07279e-08	0.0968507	0.995299
0.05125	0.03625	-1.07279e-08	-0.0968507	0.995299
0.05375	0.03625	-1.07042e-08	-0.276088	0.961132
0.05625	0.03625	-1.06598e-08	-0.43432	0.900759
0.05875	0.03625	-1.05978e-08	-0.580144	0.814514
0.06125	0.03625	-1.0521e-08	-0.690423	0.723406
0.06375	0.03625	-1.04355e-08	-0.78888	0.614547
0.06625	0.03625	-1.03417e-08	-0.860653	0.509192
0.06875	0.03625	-1.0247e-08	-0.917314	0.398163
0.07125	0.03625	-1.01496e-08	-0.957135	0.289641
0.07375	0.03625	-1.00566e-08	-0.983141	0.182849
0.07625	0.03625	-9.96567e-09	-0.997073	0.0764519
0.07875	0.03625	-9.88217e-09	-0.999609	-0.0279518
0.08125	0.03625	-9.80433e-09	-0.990932	-0.134362
0.08375	0.03625	-9.73555e-09	-0.969846	-0.243719
0.08625	0.03625	-9.67486e-09	-0.933054	-0.359736
0.08875	0.03625	-9.62405e-09	-0.87423	-0.485512
0.09125	0.03625	-9.58272e-09	-0.782573	-0.622558
0.09375	0.03625	-9.55172e-09	-0.641404	-0.767204
0.09625	0.03625	-9.53085e-09	-0.432346	-0.901708
0.09875	0.03625	-9.52055e-09	-0.155944	-0.987766
0.00125	0.03875	-8.05124e-09	0.059479	-0.99823
0.00375	0.03875	-8.06158e-09	0.178571	-0.983927
0.00625	0.03875	-8.08389e-09	0.296019	-0.955182
0.00875	0.03875	-8.11678e-09	0.406712	-0.913556
0.01125	0.03875	-8.16127e-09	0.510568	-0.859838
0.01375	0.03875	-8.21593e-09	0.606036	-0.795437
0.01625	0.03875	-8.28196e-09	0.692749	-0.721178
0.01875	0.03875	-8.35679e-09	0.770522	-0.637413
0.02125	0.03875	-8.44247e-09	0.839201	-0.543822
0.02375	0.03875	-8.53461e-09	0.897465	-0.441086
0.02625	0.03875	-8.63548e-09	0.945771	-0.324836
0.02875	0.03875	-8.74028e-09	0.979786	-0.200049
0.03125	0.03875	-8.84743e-09	0.99851	-0.0545685
0.03375	0.03875	-8.95777e-09	0.995048	0.0993931
0.03625	0.03875	-9.05648e-09	0.961606	0.274434
0.03875	0.03875	-9.16095e-09	0.888619	0.458646
0.04125	0.03875	-9.23336e-09	0.768366	0.64001
0.04375	0.03875	-9.31327e-09	0.590041	0.807373
0.04625	0.03875	-9.34775e-09	0.362194	0.932103
0.04875	0.03875	-9.37788e-09	0.13686	0.99059
0.05125	0.03875	-9.37788e-09	-0.13686	0.99059
0.05375	0.03875	-9.34775e-09	-0.362194	0.932103
0.05625	0.03875	-9.31327e-09	-0.590041	0.807373
0.05875	0.03875	-9.23336e-09	-0.768366	0.64001
0.06125	0.03875	-9.16095e-09	-0.888619	0.458646
0.06375	0.03875	-9.05648e-09	-0.961606	0.274434
0.06625	0.03875	-8.95777e-09	-0.995048	0.0993931
0.06875	0.03875	-8.84743e-09	-0.99851	-0.0545685
0.07125	0.03875	-8.74028e-09	-0.979786	-0.200049
0.07375	0.03875	-8.63548e-09	-0.945771	-0.324836
0.07625	0.03875	-8.53461e-09	-0.897465	-0.441086
0.07875	0.03875	-8.44247e-09	-0.839201	-0.543822
0.08125	0.03875	-8.35679e-09	-0.770522	-0.637413
0.08375	0.03875	-8.28196e-09	-0.692749	-0.721178
0.08625	0.03875	-8.21593e-09	-0.606036	-0.795437
0.08875	0.03875	-8.16127e-09	-0.510568	-0.859838
0.09125	0.03875	-8.11678e-09	-0.406712	-0.913556
0.09375	0.03875	-8.08389e-09	-0.296019	-0.955182
0.09625	0.03875	-8.06158e-09	-0.178571	-0.983927
0.09875	0.03875	-8.05124e-09	-0.059479	-0.99823
0.00125	0.04125	-7.15505e-09	0.0865528	-0.996247
0.00375	0.04125	-7.16662e-09	0.253843	-0.967245
0.00625	0.04125	-7.19056e-09	0.410502	-0.91186
0.00875	0.04125	-7.22609e-09	0.548346	-0.836252
0.01125	0.04125	-7.27415e-09	0.665981	-0.745969
0.01375	0.04125	-7.33326e-09	0.763685	-0.645589
0.01625	0.04125	-7.4055e-09	0.842666	-0.538436
0.01875	0.04125	-7.48709e-09	0.904847	-0.425737
0.02125	0.04125	-7.58284e-09	0.951577	-0.307412
0.02375	0.04125	-7.68443e-09	0.982634	-0.185553
0.02625	0.04125	-7.8012e-09	0.998466	-0.0553661
0.02875	0.04125	-7.91793e-09	0.997116	0.0758923
0.03125	0.04125	-8.0498e-09	0.976612	0.215009
0.03375	0.04125	-8.17328e-09	0.934725	0.355372
0.03625	0.04125	-8.30888e-09	0.872111	0.489308
0.03875	0.04125	-8.42566e-09	0.774313	0.632803
0.04125	0.04125	-8.54528e-09	0.669682	0.742648
0.04375	0.04125	-8.63588e-09	0.503469	0.864013
0.04625	0.04125	-8.71036e-09	0.339369	0.940653
0.04875	0.04125	-8.74911e-09	0.12255	0.992462
0.05125	0.04125	-8.74911e-09	-0.12255	0.992462
0.05375	0.04125	-8.71036e-09	-0.339369	0.940653
0.05625	0.04125	-8.63588e-09	-0.503469	0.864013
0.05875	0.04125	-8.54528e-09	-0.669682	0.742648
0.06125	0.04125	-8.42566e-09	-0.774313	0.632803
0.06375	0.04125	-8.30888e-09	-0.872111	0.489308
0.06625	0.04125	-8.17328e-09	-0.934725	0.355372
0.06875	0.04125	-8.0498e-09	-0.976612	0.215009
0.07125	0.04125	-7.91793e-09	-0.997116	0.0758923
0.07375	0.04125	-7.8012e-09	-0.998466	-0.0553661
0.07625	0.04125	-7.68443e-09	-0.982634	-0.185553
0.07875	0.04125	-7.58284e-09	-0.951577	-0.307412
0.08125	0.04125	-7.48709e-09	-0.904847	-0.425737
0.08375	0.04125	-7.4055e-09	-0.842666	-0.538436
0.08625	0.04125	-7.33326e-09	-0.763685	-0.645589
0.08875	0.04125	-7.27415e-09	-0.665981	-0.745969
0.09125	0.04125	-7.22609e-09	-0.548346	-0.836252
0.09375	0.04125	-7.19056e-09	-0.410502	-0.91186
0.09625	0.04125	-7.16662e-09	-0.253843	-0.967245
0.09875	0.04125	-7.15505e-09	-0.0865528	-0.996247
0.00125	0.04375	-5.80414e-09	0.0588728	-0.998265
0.00375	0.04375	-5.81607e-09	0.176025	-0.984386
0.00625	0.04375	-5.84164e-09	0.292231	-0.956348
0.00875	0.04375	-5.87941e-09	0.402921	-0.915235
0.01125	0.04375	-5.93123e-09	0.507763	-0.861497
0.01375	0.04375	-5.99482e-09	0.605565	-0.795796
0.01625	0.04375	-6.07381e-09	0.694969	-0.71904
0.01875	0.04375	-6.16279e-09	0.775959	-0.630783
0.02125	0.04375	-6.26909e-09	0.847377	-0.530992
0.02375	0.04375	-6.38211e-09	0.906958	-0.421221
0.02625	0.04375	-6.51271e-09	0.955684	-0.294393
0.02875	0.04375	-6.64717e-09	0.986512	-0.163687
0.03125	0.04375	-6.79167e-09	0.99999	-0.00457698
0.03375	0.04375	-6.94334e-09	0.988727	0.149728
0.03625	0.04375	-7.07896e-09	0.942405	0.334473
0.03875	0.04375	-7.23808e-09	0.857586	0.514341
0.04125	0.04375	-7.33142e-09	0.725537	0.688183
0.04375	0.04375	-7.4698e-09	0.535968	0.844238
0.04625	0.04375	-7.50045e-09	0.304766	0.952427
0.04875	0.04375	-7.55485e-09	0.128231	0.991744
0.05125	0.04375	-7.55485e-09	-0.128231	0.991744
0.05375	0.04375	-7.50045e-09	-0.304766	0.952427
0.05625	0.04375	-7.4698e-09	-0.535968	0.844238
0.05875	0.04375	-7.33142e-09	-0.725537	0.688183
0.06125	0.04375	-7.23808e-09	-0.857586	0.514341
0.06375	0.04375	-7.07896e-09	-0.942405	0.334473
0.06625	0.04375	-6.94334e-09	-0.988727	0.149728
0.06875	0.04375	-6.79167e-09	-0.99999	-0.00457698
0.07125	0.04375	-6.64717e-09	-0.986512	-0.163687
0.07375	0.04375	-6.51271e-09	-0.955684	-0.294393
0.07625	0.04375	-6.38211e-09	-0.906958	-0.421221
0.07875	0.04375	-6.26909e-09	-0.847377	-0.530992
0.08125	0.04375	-6.16279e-09	-0.775959	-0.630783
0.08375	0.04375	-6.07381e-09	-0.694969	-0.71904
0.08625	0.04375	-5.99482e-09	-0.605565	-0.795796
0.08875	0.04375	-5.93123e-09	-0.507763	-0.861497
0.09125	0.04375	-5.87941e-09	-0.402921	-0.915235
0.09375	0.04375	-5.84164e-09	-0.292231	-0.956348
0.09625	0.04375	-5.81607e-09	-0.176025	-0.984386
0.09875	0.04375	-5.80414e-09	-0.0588728	-0.998265
0.00125	0.04625	-4.77211e-09	0.0653571	-0.997862
0.00375	0.04625	-4.78497e-09	0.193753	-0.98105
0.00625	0.04625	-4.81205e-09	0.319758	-0.947499
0.00875	0.04625	-4.85211e-09	0.438109	-0.898922
0.01125	0.04625	-4.90745e-09	0.547838	-0.836584
0.01375	0.04625	-4.97511e-09	0.648064	-0.761586
0.01625	0.04625	-5.06078e-09	0.737138	-0.675742
0.01875	0.04625	-5.15608e-09	0.815796	-0.57834
0.02125	0.04625	-5.2745e-09	0.882561	-0.470198
0.02375	0.04625	-5.39613e-09	0.935834	-0.35244
0.02625	0.04625	-5.54882e-09	0.975679	-0.219203
0.02875	0.04625	-5.69268e-09	0.996533	-0.0831998
0.03125	0.04625	-5.87793e-09	0.997293	0.0735343
0.03375	0.04625	-6.03534e-09	0.974175	0.225794
0.03625	0.04625	-6.24394e-09	0.923889	0.382662
0.03875	0.04625	-6.40025e-09	0.834564	0.550911
0.04125	0.04625	-6.60586e-09	0.746373	0.665528
0.04375	0.04625	-6.73987e-09	0.558752	0.829335
0.04625	0.04625	-6.8845e-09	0.43068	0.902505
0.04875	0.04625	-6.95994e-09	0.164634	0.986355
0.05125	0.04625	-6.95994e-09	-0.164634	0.986355
0.05375	0.04625	-6.8845e-09	-0.43068	0.902505
0.05625	0.04625	-6.73987e-09	-0.558752	0.829335
0.05875	0.04625	-6.60586e-09	-0.746373	0.665528
0.06125	0.04625	-6.40025e-09	-0.834564	0.550911
0.06375	0.04625	-6.24394e-09	-0.923889	0.382662
0.06625	0.04625	-6.03534e-09	-0.974175	0.225794
0.06875	0.04625	-5.87793e-09	-0.997293	0.0735343
0.07125	0.04625	-5.69268e-09	-0.996533	-0.0831998
0.07375	0.04625	-5.54882e-09	-0.975679	-0.219203
0.07625	0.04625	-5.39613e-09	-0.935834	-0.35244
0.07875	0.04625	-5.2745e-09	-0.882561	-0.470198
0.08125	0.04625	-5.15608e-09	-0.815796	-0.57834
0.08375	0.04625	-5.06078e-09	-0.737138	-0.675742
0.08625	0.04625	-4.97511e-09	-0.648064	-0.761586
0.08875	0.04625	-4.90745e-09	-0.547838	-0.836584
0.09125	0.04625	-4.85211e-09	-0.438109	-0.898922
0.09375	0.04625	-4.81205e-09	-0.319758	-0.947499
0.09625	0.04625	-4.78497e-09	-0.193753	-0.98105
0.09875	0.04625	-4.77211e-09	-0.0653571	-0.997862
0.00125	0.04875	-3.48017e-09	0.0539891	-0.998542
0.00375	0.04875	-3.49342e-09	0.161128	-0.986934
0.00625	0.04875	-3.52198e-09	0.268537	-0.963269
0.00875	0.04875	-3.56403e-09	0.372383	-0.928079
0.01125	0.04875	-3.62308e-09	0.472481	-0.881341
0.01375	0.04875	-3.69499e-09	0.568409	-0.822746
0.01625	0.04875	-3.78808e-09	0.657621	-0.753349
0.01875	0.04875	-3.89115e-09	0.741424	-0.671037
0.02125	0.04875	-4.02244e-09	0.816585	-0.577225
0.02375	0.04875	-4.15789e-09	0.881612	-0.471975
0.02625	0.04875	-4.32874e-09	0.937589	-0.347746
0.02875	0.04875	-4.49835e-09	0.974569	-0.224088
0.03125	0.04875	-4.69919e-09	0.998188	-0.0601767
0.03375	0.04875	-4.90759e-09	0.996861	0.0791717
0.03625	0.04875	-5.10347e-09	0.959895	0.280361
0.03875	0.04875	-5.35694e-09	0.890807	0.454382
0.04125	0.04875	-5.4761e-09	0.761943	0.647644
0.04375	0.04875	-5.74976e-09	0.546445	0.837495
0.04625	0.04875	-5.73039e-09	0.266836	0.963742
0.04875	0.04875	-5.8405e-09	0.139547	0.990215
0.05125	0.04875	-5.8405e-09	-0.139547	0.990215
0.05375	0.04875	-5.73039e-09	-0.266836	0.963742
0.05625	0.04875	-5.74976e-09	-0.546445	0.837495
0.05875	0.04875	-5.4761e-09	-0.761943	0.647644
0.06125	0.04875	-5.35694e-09	-0.890807	0.454382
0.06375	0.04875	-5.10347e-09	-0.959895	0.280361
0.06625	0.04875	-4.90759e-09	-0.996861	0.0791717
0.06875	0.04875	-4.69919e-09	-0.998188	-0.0601767
0.07125	0.04875	-4.49835e-09	-0.974569	-0.224088
0.07375	0.04875	-4.32874e-09	-0.937589	-0.347746
0.07625	0.04875	-4.15789e-09	-0.881612	-0.471975
0.07875	0.04875	-4.02244e-09	-0.816585	-0.577225
0.08125	0.04875	-3.89115e-09	-0.741424	-0.671037
0.08375	0.04875	-3.78808e-09	-0.657621	-0.753349
0.08625	0.04875	-3.69499e-09	-0.568409	-0.822746
0.08875	0.04875	-3.62308e-09	-0.472481	-0.881341
0.09125	0.04875	-3.56403e-09	-0.372383	-0.928079
0.09375	0.04875	-3.52198e-09	-0.268537	-0.963269
0.09625	0.04875	-3.49342e-09	-0.161128	-0.986934
0.09875	0.04875	-3.48017e-09	-0.0539891	-0.998542
0.00125	0.05125	-2.3566e-09	0.0530482	-0.998592
0.00375	0.05125	-2.37038e-09	0.157748	-0.987479
0.00625	0.05125	-2.39997e-09	0.262842	-0.964839
0.00875	0.05125	-2.44339e-09	0.36453	-0.931192
0.01125	0.05125	-2.50516e-09	0.462671	-0.88653
0.01375	0.05125	-2.57961e-09	0.557292	-0.830316
0.01625	0.05125	-2.67879e-09	0.645347	-0.76389
0.01875	0.05125	-2.78574e-09	0.729684	-0.683785
0.02125	0.05125	-2.9301e-09	0.805247	-0.592939
0.02375	0.05125	-3.06958e-09	0.873296	-0.487191
0.02625	0.05125	-3.26884e-09	0.931591	-0.363508
0.02875	0.05125	-3.43716e-09	0.972255	-0.233926
0.03125	0.05125	-3.70111e-09	0.997789	-0.0664661
0.03375	0.05125	-3.88816e-09	0.996731	0.0807921
0.03625	0.05125	-4.22139e-09	0.961596	0.274468
0.03875	0.05125	-4.41177e-09	0.893065	0.449927
0.04125	0.05125	-4.79377e-09	0.816275	0.577664
0.04375	0.05125	-4.98041e-09	0.595666	0.803232
0.04625	0.05125	-5.30564e-09	0.597964	0.801523
0.04875	0.05125	-5.50135e-09	0.262582	0.96491
0.05125	0.05125	-5.50135e-09	-0.262582	0.96491
0.05375	0.05125	-5.30564e-09	-0.597964	0.801523
0.05625	0.05125	-4.98041e-09	-0.595666	0.803232
0.05875	0.05125	-4.79377e-09	-0.816275	0.577664
0.06125	0.05125	-4.41177e-09	-0.893065	0.449927
0.06375	0.05125	-4.22139e-09	-0.961596	0.274468
0.06625	0.05125	-3.88816e-09	-0.996731	0.0807921
0.06875	0.05125	-3.70111e-09	-0.997789	-0.0664661
0.07125	0.05125	-3.43716e-09	-0.972255	-0.233926
0.07375	0.05125	-3.26884e-09	-0.931591	-0.363508
0.07625	0.05125	-3.06958e-09	-0.873296	-0.487191
0.07875	0.05125	-2.9301e-09	-0.805247	-0.592939
0.08125	0.05125	-2.78574e-09	-0.729684	-0.683785
0.08375	0.05125	-2.67879e-09	-0.645347	-0.76389
0.08625	0.05125	-2.57961e-09	-0.557292	-0.830316
0.08875	0.05125	-2.50516e-09	-0.462671	-0.88653
0.09125	0.05125	-2.44339e-09	-0.36453	-0.931192
0.09375	0.05125	-2.39997e-09	-0.262842	-0.964839
0.09625	0.05125	-2.37038e-09	-0.157748	-0.987479
0.09875	0.05125	-2.3566e-09	-0.0530482	-0.998592
0.00125	0.05375	-1.08148e-09	0.0465335	-0.998917
0.00375	0.05375	-1.09534e-09	0.138711	-0.990333
0.00625	0.05375	-1.12562e-09	0.232397	-0.972621
0.00875	0.05375	-1.16988e-09	0.324441	-0.945906
0.01125	0.05375	-1.23403e-09	0.415202	-0.909729
0.01375	0.05375	-1.3111e-09	0.505192	-0.863007
0.01625	0.05375	-1.41644e-09	0.590719	-0.806877
0.01875	0.05375	-1.5299e-09	0.675931	-0.736965
0.02125	0.05375	-1.68735e-09	0.753211	-0.657779
0.02375	0.05375	-1.84169e-09	0.826502	-0.562934
0.02625	0.05375	-2.06289e-09	0.891311	-0.453391
0.02875	0.05375	-2.26536e-09	0.940285	-0.340388
0.03125	0.05375	-2.55147e-09	0.98281	-0.184621
0.03375	0.05375	-2.82142e-09	0.99749	-0.0708056
0.03625	0.05375	-3.13098e-09	0.989167	0.146793
0.03875	0.05375	-3.52716e-09	0.960501	0.278275
0.04125	0.05375	-3.70301e-09	0.858487	0.512835
0.04375	0.05375	-4.32877e-09	0.614408	0.788989
0.04625	0.05375	-4.06298e-09	0.183307	0.983056
0.04875	0.05375	-4.30306e-09	0.153879	0.98809
0.05125	0.05375	-4.30306e-09	-0.153879	0.98809
0.05375	0.05375	-4.06298e-09	-0.183307	0.983056
0.05625	0.05375	-4.32877e-09	-0.614408	0.788989
0.05875	0.05375	-3.70301e-09	-0.858487	0.512835
0.06125	0.05375	-3.52716e-09	-0.960501	0.278275
0.06375	0.05375	-3.13098e-09	-0.989167	0.146793
0.06625	0.05375	-2.82142e-09	-0.99749	-0.0708056
0.06875	0.05375	-2.55147e-09	-0.98281	-0.184621
0.07125	0.05375	-2.26536e-09	-0.940285	-0.340388
0.07375	0.05375	-2.06289e-09	-0.891311	-0.453391
0.07625	0.05375	-1.84169e-09	-0.826502	-0.562934
0.07875	0.05375	-1.68735e-09	-0.753211	-0.657779
0.08125	0.05375	-1.5299e-09	-0.675931	-0.736965
0.08375	0.05375	-1.41644e-09	-0.590719	-0.806877
0.08625	0.05375	-1.3111e-09	-0.505192	-0.863007
0.08875	0.05375	-1.23403e-09	-0.415202	-0.909729
0.09125	0.05375	-1.16988e-09	-0.324441	-0.945906
0.09375	0.05375	-1.12562e-09	-0.232397	-0.972621
0.09625	0.05375	-1.09534e-09	-0.138711	-0.990333
0.09875	0.05375	-1.08148e-09	-0.0465335	-0.998917
0.00125	0.05625	1.02303e-10	0.0425665	-0.999094
0.00375	0.05625	8.84832e-11	0.126637	-0.991949
0.00625	0.05625	5.80513e-11	0.212486	-0.977164
0.00875	0.05625	1.40838e-11	0.297247	-0.954801
0.01125	0.05625	-5.11901e-11	0.381373	-0.924421
0.01375	0.05625	-1.27804e-10	0.466085	-0.88474
0.01625	0.05625	-2.37367e-10	0.546777	-0.837278
0.01875	0.05625	-3.49623e-10	0.630702	-0.776025
0.02125	0.05625	-5.19148e-10	0.706054	-0.708158
0.02375	0.05625	-6.68246e-10	0.784931	-0.619583
0.02625	0.05625	-9.20939e-10	0.85355	-0.521011
0.02875	0.05625	-1.10217e-09	0.914515	-0.404552
0.03125	0.05625	-1.47021e-09	0.969504	-0.245076
0.03375	0.05625	-1.66619e-09	0.992394	-0.123098
0.03625	0.05625	-2.19298e-09	0.990014	0.140966
0.03875	0.05625	-2.3702e-09	0.968227	0.250071
0.04125	0.05625	-3.10349e-09	0.859228	0.511593
0.04375	0.05625	-3.26492e-09	0.576515	0.817087
0.04625	0.05625	-4.10555e-09	0.844571	0.535443
0.04875	0.05625	-4.81661e-09	0.51856	0.855041
0.05125	0.05625	-4.81661e-09	-0.51856	0.855041
0.05375	0.05625	-4.10555e-09	-0.844571	0.535443
0.05625	0.05625	-3.26492e-09	-0.576515	0.817087
0.05875	0.05625	-3.10349e-09	-0.859228	0.511593
0.06125	0.05625	-2.3702e-09	-0.968227	0.250071
0.06375	0.05625	-2.19298e-09	-0.990014	0.140966
0.06625	0.05625	-1.66619e-09	-0.992394	-0.123098
0.06875	0.05625	-1.47021e-09	-0.969504	-0.245076
0.07125	0.05625	-1.10217e-09	-0.914515	-0.404552
0.07375	0.05625	-9.20939e-10	-0.85355	-0.521011
0.07625	0.05625	-6.68246e-10	-0.784931	-0.619583
0.07875	0.05625	-5.19148e-10	-0.706054	-0.708158
0.08125	0.05625	-3.49623e-10	-0.630702	-0.776025
0.08375	0.05625	-2.37367e-10	-0.546777	-0.837278
0.08625	0.05625	-1.27804e-10	-0.466085	-0.88474
0.08875	0.05625	-5.11901e-11	-0.381373	-0.924421
0.09125	0.05625	1.40838e-11	-0.297247	-0.954801
0.09375	0.05625	5.80513e-11	-0.212486	-0.977164
0.09625	0.05625	8.84832e-11	-0.126637	-0.991949
0.09875	0.05625	1.02303e-10	-0.0425665	-0.999094
0.00125	0.05875	1.38997e-09	0.0371219	-0.999311
0.00375	0.05875	1.37678e-09	0.110498	-0.993876
0.00625	0.05875	1.34742e-09	0.186404	-0.982473
0.00875	0.05875	1.30481e-09	0.262097	-0.965041
0.01125	0.05875	1.24086e-09	0.339153	-0.940731
0.01375	0.05875	1.16482e-09	0.41808	-0.90841
0.01625	0.05875	1.05484e-09	0.495765	-0.868457
0.01875	0.05875	9.38956e-10	0.578434	-0.81573
0.02125	0.05875	7.63272e-10	0.65396	-0.756529
0.02375	0.05875	5.99532e-10	0.736708	-0.676211
0.02625	0.05875	3.2835e-10	0.804858	-0.593467
0.02875	0.05875	1.08105e-10	0.874951	-0.484212
0.03125	0.05875	-2.96002e-10	0.930083	-0.367349
0.03375	0.05875	-5.88464e-10	0.967372	-0.253359
0.03625	0.05875	-1.14031e-09	0.997968	-0.0637231
0.03875	0.05875	-1.61715e-09	0.999921	-0.0125927
0.04125	0.05875	-2.10486e-09	0.964032	0.265787
0.04375	0.05875	-3.79599e-09	0.909174	0.416416
0.04625	0.05875	-2.42397e-09	-0.144023	0.989574
0.04875	0.05875	-2.95485e-09	0.141595	0.989925
0.05125	0.05875	-2.95485e-09	-0.141595	0.989925
0.05375	0.05875	-2.42397e-09	0.144023	0.989574
0.05625	0.05875	-3.79599e-09	-0.909174	0.416416
0.05875	0.05875	-2.10486e-09	-0.964032	0.265787
0.06125	0.05875	-1.61715e-09	-0.999921	-0.0125927
0.06375	0.05875	-1.14031e-09	-0.997968	-0.0637231
0.06625	0.05875	-5.88464e-10	-0.967372	-0.253359
0.06875	0.05875	-2.96002e-10	-0.930083	-0.367349
0.07125	0.05875	1.08105e-10	-0.874951	-0.484212
0.07375	0.05875	3.2835e-10	-0.804858	-0.593467
0.07625	0.05875	5.99532e-10	-0.736708	-0.676211
0.07875	0.05875	7.63272e-10	-0.65396	-0.756529
0.08125	0.05875	9.38956e-10	-0.578434	-0.81573
0.08375	0.05875	1.05484e-09	-0.495765	-0.868457
0.08625	0.05875	1.16482e-09	-0.41808	-0.90841
0.08875	0.05875	1.24086e-09	-0.339153	-0.940731
0.09125	0.05875	1.30481e-09	-0.262097	-0.965041
0.09375	0.05875	1.34742e-09	-0.186404	-0.982473
0.09625	0.05875	1.37678e-09	-0.110498	-0.993876
0.09875	0.05875	1.38997e-09	-0.0371219	-0.999311
0.00125	0.06125	2.60886e-09	0.0315842	-0.999501
0.00375	0.06125	2.59647e-09	0.09401	-0.995571
0.00625	0.06125	2.56813e-09	0.158858	-0.987301
0.00875	0.06125	2.52833e-09	0.224315	-0.974517
0.01125	0.06125	2.46535e-09	0.291023	-0.956716
0.01375	0.06125	2.39464e-09	0.361401	-0.932411
0.01625	0.06125	2.28276e-09	0.429141	-0.903238
0.01875	0.06125	2.17675e-09	0.506694	-0.862126
0.02125	0.06125	1.99049e-09	0.5724	-0.819975
0.02375	0.06125	1.84683e-09	0.657925	-0.753083
0.02625	0.06125	1.54541e-09	0.719072	-0.694935
0.02875	0.06125	1.36947e-09	0.805299	-0.592869
0.03125	0.06125	8.92261e-10	0.86869	-0.495356
0.03375	0.06125	7.1123e-10	0.919424	-0.393268
0.03625	0.06125	-4.16695e-11	0.994315	-0.106475
0.03875	0.06125	-1.1763e-10	0.942504	-0.334194
0.04125	0.06125	-1.44431e-09	0.770072	0.637956
0.04375	0.06125	-8.24216e-10	0.416875	0.908964
0.04625	0.06125	-3.30816e-09	0.101507	0.994835
0.04875	0.06125	-6.71925e-09	0.0318201	0.999494
0.05125	0.06125	-6.71925e-09	-0.0318201	0.999494
0.05375	0.06125	-3.30816e-09	-0.101507	0.994835
0.05625	0.06125	-8.24216e-10	-0.416875	0.908964
0.05875	0.06125	-1.44431e-09	-0.770072	0.637956
0.06125	0.06125	-1.1763e-10	-0.942504	-0.334194
0.06375	0.06125	-4.16695e-11	-0.994315	-0.106475
0.06625	0.06125	7.1123e-10	-0.919424	-0.393268
0.06875	0.06125	8.92261e-10	-0.86869	-0.495356
0.07125	0.06125	1.36947e-09	-0.805299	-0.592869
0.07375	0.06125	1.54541e-09	-0.719072	-0.694935
0.07625	0.06125	1.84683e-09	-0.657925	-0.753083
0.07875	0.06125	1.99049e-09	-0.5724	-0.819975
0.08125	0.06125	2.17675e-09	-0.506694	-0.862126
0.08375	0.06125	2.28276e-09	-0.429141	-0.903238
0.08625	0.06125	2.39464e-09	-0.361401	-0.932411
0.08875	0.06125	2.46535e-09	-0.291023	-0.956716
0.09125	0.06125	2.52833e-09	-0.224315	-0.974517
0.09375	0.06125	2.56813e-09	-0.158858	-0.987301
0.09625	0.06125	2.59647e-09	-0.09401	-0.995571
0.09875	0.06125	2.60886e-09	-0.0315842	-0.999501
0.00125	0.06375	3.92993e-09	0.0256865	-0.99967
0.00375	0.06375	3.91925e-09	0.0763624	-0.99708
0.00625	0.06375	3.89494e-09	0.130171	-0.991492
0.00875	0.06375	3.8597e-09	0.184536	-0.982826
0.01125	0.06375	3.80508e-09	0.243082	-0.970006
0.01375	0.06375	3.73938e-09	0.30379	-0.952739
0.01625	0.06375	3.64084e-09	0.369379	-0.929279
0.01875	0.06375	3.53395e-09	0.439519	-0.898233
0.02125	0.06375	3.36621e-09	0.511714	-0.859156
0.02375	0.06375	3.20275e-09	0.594565	-0.804048
0.02625	0.06375	2.91927e-09	0.663723	-0.747978
0.02875	0.06375	2.68921e-09	0.762383	-0.647126
0.03125	0.06375	2.19284e-09	0.796608	-0.604496
0.03375	0.06375	1.96581e-09	0.912104	-0.409959
0.03625	0.06375	9.85952e-10	0.836647	-0.547742
0.03875	0.06375	1.37983e-09	0.992651	-0.121011
0.04125	0.06375	-1.1394e-09	0.280022	0.959994
0.04375	0.06375	-6.86587e-09	0.413294	0.910598
0.04625	0.06375	-5.95838e-08	0.0227844	0.99974
0.04875	0.06375	-1.1239e-07	0.011475	0.999934
0.05125	0.06375	-1.1239e-07	-0.011475	0.999934
0.05375	0.06375	-5.95838e-08	-0.0227844	0.99974
0.05625	0.06375	-6.86587e-09	-0.413294	0.910598
0.05875	0.06375	-1.1394e-09	-0.280022	0.959994
0.06125	0.06375	1.37983e-09	-0.992651	-0.121011
0.06375	0.06375	9.85952e-10	-0.836647	-0.547742
0.06625	0.06375	1.96581e-09	-0.912104	-0.409959
0.06875	0.06375	2.19284e-09	-0.796608	-0.604496
0.07125	0.06375	2.68921e-09	-0.762383	-0.647126
0.07375	0.06375	2.91927e-09	-0.663723	-0.747978
0.07625	0.06375	3.20275e-09	-0.594565	-0.804048
0.07875	0.06375	3.36621e-09	-0.511714	-0.859156
0.08125	0.06375	3.53395e-09	-0.439519	-0.898233
0.08375	0.06375	3.64084e-09	-0.369379	-0.929279
0.08625	0.06375	3.73938e-09	-0.30379	-0.952739
0.08875	0.06375	3.80508e-09	-0.243082	-0.970006
0.09125	0.06375	3.8597e-09	-0.184536	-0.982826
0.09375	0.06375	3.89494e-09	-0.130171	-0.991492
0.09625	0.06375	3.91925e-09	-0.0763624	-0.99708
0.09875	0.06375	3.92993e-09	-0.0256865	-0.99967
0.00125	0.06625	5.15836e-09	0.0190326	-0.999819
0.00375	0.06625	5.14942e-09	0.0570527	-0.998371
0.00625	0.06625	5.12744e-09	0.0973429	-0.995251
0.00875	0.06625	5.09837e-09	0.140192	-0.990124
0.01125	0.06625	5.04673e-09	0.18512	-0.982716
0.01375	0.06625	4.99355e-09	0.236835	-0.97155
0.01625	0.06625	4.89374e-09	0.286476	-0.958087
0.01875	0.06625	4.8114e-09	0.351477	-0.936196
0.02125	0.06625	4.62745e-09	0.401216	-0.915984
0.02375	0.06625	4.51272e-09	0.48508	-0.87447
0.02625	0.06625	4.18281e-09	0.524284	-0.851543
0.02875	0.06625	4.03661e-09	0.640594	-0.76788
0.03125	0.06625	3.47825e-09	0.650267	-0.759706
0.03375	0.06625	3.29193e-09	0.857742	-0.514081
0.03625	0.06625	2.49131e-09	0.789798	-0.613367
0.03875	0.06625	2.09996e-09	0.995102	0.0988491
0.04125	0.06625	-2.86189e-08	0.0330662	0.999453
0.04375	0.06625	-1.25082e-07	0.000811985	1
0.04625	0.06625	-2.14458e-09	-0.0182602	0.999833
0.04875	0.06625	-1.94793e-08	0.00390036	0.999992
0.05125	0.06625	-1.94793e-08	-0.00390036	0.999992
0.05375	0.06625	-2.14458e-09	0.0182602	0.999833
0.05625	0.06625	-1.25082e-07	-0.000811985	1
0.05875	0.06625	-2.86189e-08	-0.0330662	0.999453
0.06125	0.06625	2.09996e-09	-0.995102	0.0988491
0.06375	0.06625	2.49131e-09	-0.789798	-0.613367
0.06625	0.06625	3.29193e-09	-0.857742	-0.514081
0.06875	0.06625	3.47825e-09	-0.650267	-0.759706
0.07125	0.06625	4.03661e-09	-0.640594	-0.76788
0.07375	0.06625	4.18281e-09	-0.524284	-0.851543
0.07625	0.06625	4.51272e-09	-0.48508	-0.87447
0.07875	0.06625	4.62745e-09	-0.401216	-0.915984
0.08125	0.06625	4.8114e-09	-0.351477	-0.936196
0.08375	0.06625	4.89374e-09	-0.286476	-0.958087
0.08625	0.06625	4.99355e-09	-0.236835	-0.97155
0.08875	0.06625	5.04673e-09	-0.18512	-0.982716
0.09125	0.06625	5.09837e-09	-0.140192	-0.990124
0.09375	0.06625	5.12744e-09	-0.0973429	-0.995251
0.09625	0.06625	5.14942e-09	-0.0570527	-0.998371
0.09875	0.06625	5.15836e-09	-0.0190326	-0.999819
0.00125	0.06875	6.52882e-09	0.0117832	-0.999931
0.00375	0.06875	6.52293e-09	0.0353217	-0.999376
0.00625	0.06875	6.50879e-09	0.0617815	-0.99809
0.00875	0.06875	6.48819e-09	0.0896124	-0.995977
0.01125	0.06875	6.45477e-09	0.123542	-0.992339
0.01375	0.06875	6.41205e-09	0.158104	-0.987422
0.01625	0.06875	6.34804e-09	0.205611	-0.978634
0.01875	0.06875	6.26661e-09	0.246729	-0.969084
0.02125	0.06875	6.15247e-09	0.319259	-0.947668
0.02375	0.06875	5.99567e-09	0.361541	-0.932356
0.02625	0.06875	5.80242e-09	0.485849	-0.874043
0.02875	0.06875	5.47672e-09	0.512568	-0.858646
0.03125	0.06875	5.17811e-09	0.730224	-0.683207
0.03375	0.06875	4.37233e-09	0.707043	-0.707171
0.03625	0.06875	4.05423e-09	0.963452	-0.267881
0.03875	0.06875	1.5151e-09	0.0496597	0.998766
0.04125	0.06875	2.81767e-09	0.000240749	1
0.04375	0.06875	9.10202e-09	0.00340058	0.999994
0.04625	0.06875	-1.36225e-08	0.00495744	0.999988
0.04875	0.06875	-2.35224e-08	0.00209602	0.999998
0.05125	0.06875	-2.35224e-08	-0.00209602	0.999998
0.05375	0.06875	-1.36225e-08	-0.00495744	0.999988
0.05625	0.06875	9.10202e-09	-0.00340058	0.999994
0.05875	0.06875	2.81767e-09	-0.000240749	1
0.06125	0.06875	1.5151e-09	-0.0496597	0.998766
0.06375	0.06875	4.05423e-09	-0.963452	-0.267881
0.06625	0.06875	4.37233e-09	-0.707043	-0.707171
0.06875	0.06875	5.17811e-09	-0.730224	-0.683207
0.07125	0.06875	5.47672e-09	-0.512568	-0.858646
0.07375	0.06875	5.80242e-09	-0.485849	-0.874043
0.07625	0.06875	5.99567e-09	-0.361541	-0.932356
0.07875	0.06875	6.15247e-09	-0.319259	-0.947668
0.08125	0.06875	6.26661e-09	-0.246729	-0.969084
0.08375	0.06875	6.34804e-09	-0.205611	-0.978634
0.08625	0.06875	6.41205e-09	-0.158104	-0.987422
0.08875	0.06875	6.45477e-09	-0.123542	-0.992339
0.09125	0.06875	6.48819e-09	-0.0896124	-0.995977
0.09375	0.06875	6.50879e-09	-0.0617815	-0.99809
0.09625	0.06875	6.52293e-09	-0.0353217	-0.999376
0.09875	0.06875	6.52882e-09	-0.0117832	-0.999931
0.00125	0.07125	7.73509e-09	0.0042971	-0.999991
0.00375	0.07125	7.73187e-09	0.0140708	-0.999901
0.00625	0.07125	7.72162e-09	0.0251245	-0.999684
0.00875	0.07125	7.71076e-09	0.041619	-0.999134
0.01125	0.07125	7.68276e-09	0.0594343	-0.998232
0.01375	0.07125	7.66082e-09	0.0891863	-0.996015
0.01625	0.07125	7.59542e-09	0.114416	-0.993433
0.01875	0.07125	7.55857e-09	0.16481	-0.986325
0.02125	0.07125	7.41129e-09	0.191961	-0.981403
0.02375	0.07125	7.36053e-09	0.270968	-0.962588
0.02625	0.07125	7.03303e-09	0.285358	-0.958421
0.02875	0.07125	6.98807e-09	0.392009	-0.919961
0.03125	0.07125	6.26433e-09	0.369837	-0.929097
0.03375	0.07125	6.31419e-09	0.471595	-0.881815
0.03625	0.07125	4.7011e-09	0.998749	-0.0500069
0.03875	0.07125	-2.47003e-08	0.00525946	0.999986
0.04125	0.07125	7.09275e-09	0.00153344	0.999999
0.04375	0.07125	-3.31693e-08	0.00097254	1
0.04625	0.07125	9.05612e-10	-0.00390439	0.999992
0.04875	0.07125	-1.02768e-08	0.00191804	0.999998
0.05125	0.07125	-1.02768e-08	-0.00191804	0.999998
0.05375	0.07125	9.05612e-10	0.00390439	0.999992
0.05625	0.07125	-3.31693e-08	-0.00097254	1
0.05875	0.07125	7.09275e-09	-0.00153344	0.999999
0.06125	0.07125	-2.47003e-08	-0.00525946	0.999986
0.06375	0.07125	4.7011e-09	-0.998749	-0.0500069
0.06625	0.07125	6.31419e-09	-0.471595	-0.881815
0.06875	0.07125	6.26433e-09	-0.369837	-0.929097
0.07125	0.07125	6.98807e-09	-0.392009	-0.919961
0.07375	0.07125	7.03303e-09	-0.285358	-0.958421
0.07625	0.07125	7.36053e-09	-0.270968	-0.962588
0.07875	0.07125	7.41129e-09	-0.191961	-0.981403
0.08125	0.07125	7.55857e-09	-0.16481	-0.986325
0.08375	0.07125	7.59542e-09	-0.114416	-0.993433
0.08625	0.07125	7.66082e-09	-0.0891863	-0.996015
0.08875	0.07125	7.68276e-09	-0.0594343	-0.998232
0.09125	0.07125	7.71076e-09	-0.041619	-0.999134
0.09375	0.07125	7.72162e-09	-0.0251245	-0.999684
0.09625	0.07125	7.73187e-09	-0.0140708	-0.999901
0.09875	0.07125	7.73509e-09	-0.0042971	-0.999991
0.00125	0.07375	9.16924e-09	-0.00543551	-0.999985
0.00375	0.07375	9.17047e-09	-0.0145938	-0.999894
0.00625	0.07375	9.17119e-09	-0.0221027	-0.999756
0.00875	0.07375	9.17324e-09	-0.0252279	-0.999682
0.01125	0.07375	9.17171e-09	-0.0238026	-0.999717
0.01375	0.07375	9.16872e-09	-0.0180691	-0.999837
0.01625	0.07375	9.15861e-09	-0.00395433	-0.999992
0.01875	0.07375	9.13721e-09	0.00742812	-0.999972
0.02125	0.07375	9.10815e-09	0.03742	-0.9993
0.02375	0.07375	9.04193e-09	0.0418043	-0.999126
0.02625	0.07375	8.97851e-09	0.0921885	-0.995742
0.02875	0.07375	8.82768e-09	0.0579067	-0.998322
0.03125	0.07375	8.71176e-09	0.133575	-0.991039
0.03375	0.07375	8.47729e-09	-0.0254226	-0.999677
0.03625	0.07375	8.34123e-09	-0.0914938	0.995806
0.03875	0.07375	8.46329e-09	0.000431801	1
0.04125	0.07375	7.29144e-09	-0.000689239	1
0.04375	0.07375	1.32997e-08	0.00123694	0.999999
0.04625	0.07375	-3.14521e-10	0.00193424	0.999998
0.04875	0.07375	-6.5512e-11	0.000131274	1
0.05125	0.07375	-6.5512e-11	-0.000131274	1
0.05375	0.07375	-3.14521e-10	-0.00193424	0.999998
0.05625	0.07375	1.32997e-08	-0.00123694	0.999999
0.05875	0.07375	7.29144e-09	0.000689239	1
0.06125	0.07375	8.46329e-09	-0.000431801	1
0.06375	0.07375	8.34123e-09	0.0914938	0.995806
0.06625	0.07375	8.47729e-09	0.0254226	-0.999677
0.06875	0.07375	8.71176e-09	-0.133575	-0.991039
0.07125	0.07375	8.82768e-09	-0.0579067	-0.998322
0.07375	0.07375	8.97851e-09	-0.0921885	-0.995742
0.07625	0.07375	9.04193e-09	-0.0418043	-0.999126
0.07875	0.07375	9.10815e-09	-0.03742	-0.9993
0.08125	0.07375	9.13721e-09	-0.00742812	-0.999972
0.08375	0.07375	9.15861e-09	0.00395433	-0.999992
0.08625	0.07375	9.16872e-09	0.0180691	-0.999837
0.08875	0.07375	9.17171e-09	0.0238026	-0.999717
0.09125	0.07375	9.17324e-09	0.0252279	-0.999682
0.09375	0.07375	9.17119e-09	0.0221027	-0.999756
0.09625	0.07375	9.17047e-09	0.0145938	-0.999894
0.09875	0.07375	9.16924e-09	0.00543551	-0.999985
0.00125	0.07625	1.03116e-08	-0.012956	-0.999916
0.00375	0.07625	1.03161e-08	-0.0364318	-0.999336
0.00625	0.07625	1.0323e-08	-0.0594824	-0.998229
0.00875	0.07625	1.03368e-08	-0.0742767	-0.997238
0.01125	0.07625	1.03465e-08	-0.0879613	-0.996124
0.01375	0.07625	1.03674e-08	-0.0863589	-0.996264
0.01625	0.07625	1.03681e-08	-0.0900309	-0.995939
0.01875	0.07625	1.03929e-08	-0.0631599	-0.998003
0.02125	0.07625	1.03541e-08	-0.0630459	-0.998011
0.02375	0.07625	1.03799e-08	0.0100591	-0.999949
0.02625	0.07625	1.02193e-08	-0.00300135	-0.999995
0.02875	0.07625	1.02351e-08	0.174035	-0.984739
0.03125	0.07625	9.72276e-09	0.117487	-0.993074
0.03375	0.07625	9.61235e-09	0.51327	-0.858227
0.03625	0.07625	8.07599e-09	0.419055	-0.907961
0.03875	0.07625	9.17315e-09	-0.000129781	1
0.04125	0.07625	6.29988e-09	0.00206519	0.999998
0.04375	0.07625	-6.16667e-09	-0.000854564	1
0.04625	0.07625	1.15186e-08	-0.00230753	0.999997
0.04875	0.07625	8.29283e-09	0.000316447	1
0.05125	0.07625	8.29283e-09	-0.000316447	1
0.05375	0.07625	1.15186e-08	0.00230753	0.999997
0.05625	0.07625	-6.16667e-09	0.000854564	1
0.05875	0.07625	6.29988e-09	-0.00206519	0.999998
0.06125	0.07625	9.17315e-09	0.000129781	1
0.06375	0.07625	8.07599e-09	-0.419055	-0.907961
0.06625	0.07625	9.61235e-09	-0.51327	-0.858227
0.06875	0.07625	9.72276e-09	-0.117487	-0.993074
0.07125	0.07625	1.02351e-08	-0.174035	-0.984739
0.07375	0.07625	1.02193e-08	0.00300135	-0.999995
0.07625	0.07625	1.03799e-08	-0.0100591	-0.999949
0.07875	0.07625	1.03541e-08	0.0630459	-0.998011
0.08125	0.07625	1.03929e-08	0.0631599	-0.998003
0.08375	0.07625	1.03681e-08	0.0900309	-0.995939
0.08625	0.07625	1.03674e-08	0.0863589	-0.996264
0.08875	0.07625	1.03465e-08	0.0879613	-0.996124
0.09125	0.07625	1.03368e-08	0.0742767	-0.997238
0.09375	0.07625	1.0323e-08	0.0594824	-0.998229
0.09625	0.07625	1.03161e-08	0.0364318	-0.999336
0.09875	0.07625	1.03116e-08	0.012956	-0.999916
0.00125	0.07875	1.1825e-08	-0.0279967	-0.999608
0.00375	0.07875	1.1835e-08	-0.0790358	-0.996872
0.00625	0.07875	1.18536e-08	-0.128571	-0.9917
0.00875	0.07875	1.1884e-08	-0.16687	-0.985979
0.01125	0.07875	1.19209e-08	-0.200633	-0.979666
0.01375	0.07875	1.19699e-08	-0.220701	-0.975342
0.01625	0.07875	1.20245e-08	-0.236882	-0.971538
0.01875	0.07875	1.2087e-08	-0.241574	-0.970382
0.02125	0.07875	1.21573e-08	-0.241051	-0.970512
0.02375	0.07875	1.22219e-08	-0.235837	-0.971793
0.02625	0.07875	1.22914e-08	-0.218361	-0.975868
0.02875	0.07875	1.23473e-08	-0.200705	-0.979652
0.03125	0.07875	1.22991e-08	-0.172257	-0.985052
0.03375	0.07875	1.2412e-08	-0.145266	-0.989393
0.03625	0.07875	1.13607e-08	-0.387683	0.921793
0.03875	0.07875	3.10374e-08	-0.00115097	0.999999
0.04125	0.07875	1.51241e-08	-0.0021605	0.999998
0.04375	0.07875	4.0834e-08	0.0014626	0.999999
0.04625	0.07875	2.44078e-09	0.00501223	0.999987
0.04875	0.07875	1.03481e-08	-0.00142845	0.999999
0.05125	0.07875	1.03481e-08	0.00142845	0.999999
0.05375	0.07875	2.44078e-09	-0.00501223	0.999987
0.05625	0.07875	4.0834e-08	-0.0014626	0.999999
0.05875	0.07875	1.51241e-08	0.0021605	0.999998
0.06125	0.07875	3.10374e-08	0.00115097	0.999999
0.06375	0.07875	1.13607e-08	0.387683	0.921793
0.06625	0.07875	1.2412e-08	0.145266	-0.989393
0.06875	0.07875	1.22991e-08	0.172257	-0.985052
0.07125	0.07875	1.23473e-08	0.200705	-0.979652
0.07375	0.07875	1.22914e-08	0.218361	-0.975868
0.07625	0.07875	1.22219e-08	0.235837	-0.971793
0.07875	0.07875	1.21573e-08	0.241051	-0.970512
0.08125	0.07875	1.2087e-08	0.241574	-0.970382
0.08375	0.07875	1.20245e-08	0.236882	-0.971538
0.08625	0.07875	1.19699e-08	0.220701	-0.975342
0.08875	0.07875	1.19209e-08	0.200633	-0.979666
0.09125	0.07875	1.1884e-08	0.16687	-0.985979
0.09375	0.07875	1.18536e-08	0.128571	-0.9917
0.09625	0.07875	1.1835e-08	0.0790358	-0.996872
0.09875	0.07875	1.1825e-08	0.0279967	-0.999608
0.00125	0.08125	1.28506e-08	-0.0328937	-0.999459
0.00375	0.08125	1.28638e-08	-0.0953464	-0.995444
0.00625	0.08125	1.2891e-08	-0.156365	-0.987699
0.00875	0.08125	1.29331e-08	-0.207011	-0.978339
0.01125	0.08125	1.29893e-08	-0.252297	-0.96765
0.01375	0.08125	1.30603e-08	-0.286514	-0.958076
0.01625	0.08125	1.31502e-08	-0.314947	-0.949109
0.01875	0.08125	1.325e-08	-0.338577	-0.940939
0.02125	0.08125	1.33848e-08	-0.352791	-0.935702
0.02375	0.08125	1.3517e-08	-0.383482	-0.923548
0.02625	0.08125	1.37238e-08	-0.38287	-0.923802
0.02875	0.08125	1.39147e-08	-0.463768	-0.885957
0.03125	0.08125	1.42713e-08	-0.430008	-0.902825
0.03375	0.08125	1.46573e-08	-0.66644	-0.745558
0.03625	0.08125	1.56901e-08	-0.882288	-0.47071
0.03875	0.08125	1.91053e-08	0.0245145	0.999699
0.04125	0.08125	-1.72032e-09	0.00440484	0.99999
0.04375	0.08125	-1.56297e-08	-0.00542286	0.999985
0.04625	0.08125	3.43319e-08	-0.00893126	0.99996
0.04875	0.08125	3.85789e-08	-0.00136409	0.999999
0.05125	0.08125	3.85789e-08	0.00136409	0.999999
0.05375	0.08125	3.43319e-08	0.00893126	0.99996
0.05625	0.08125	-1.56297e-08	0.00542286	0.999985
0.05875	0.08125	-1.72032e-09	-0.00440484	0.99999
0.06125	0.08125	1.91053e-08	-0.0245145	0.999699
0.06375	0.08125	1.56901e-08	0.882288	-0.47071
0.06625	0.08125	1.46573e-08	0.66644	-0.745558
0.06875	0.08125	1.42713e-08	0.430008	-0.902825
0.07125	0.08125	1.39147e-08	0.463768	-0.885957
0.07375	0.08125	1.37238e-08	0.38287	-0.923802
0.07625	0.08125	1.3517e-08	0.383482	-0.923548
0.07875	0.08125	1.33848e-08	0.352791	-0.935702
0.08125	0.08125	1.325e-08	0.338577	-0.940939
0.08375	0.08125	1.31502e-08	0.314947	-0.949109
0.08625	0.08125	1.30603e-08	0.286514	-0.958076
0.08875	0.08125	1.29893e-08	0.252297	-0.96765
0.09125	0.08125	1.29331e-08	0.207011	-0.978339
0.09375	0.08125	1.2891e-08	0.156365	-0.987699
0.09625	0.08125	1.28638e-08	0.0953464	-0.995444
0.09875	0.08125	1.28506e-08	0.0328937	-0.999459
0.00125	0.08375	1.44629e-08	-0.0631987	-0.998001
0.00375	0.08375	1.4482e-08	-0.17751	-0.984119
0.00625	0.08375	1.4519e-08	-0.282641	-0.959226
0.00875	0.08375	1.45787e-08	-0.361029	-0.932554
0.01125	0.08375	1.46555e-08	-0.426538	-0.90447
0.01375	0.08375	1.47589e-08	-0.466734	-0.884398
0.01625	0.08375	1.48828e-08	-0.502725	-0.864446
0.01875	0.08375	1.50329e-08	-0.518684	-0.854966
0.02125	0.08375	1.52225e-08	-0.539172	-0.842196
0.02375	0.08375	1.54148e-08	-0.543769	-0.839235
0.02625	0.08375	1.57256e-08	-0.56079	-0.827958
0.02875	0.08375	1.59135e-08	-0.566145	-0.824306
0.03125	0.08375	1.65444e-08	-0.59717	-0.802114
0.03375	0.08375	1.64851e-08	-0.635239	-0.772315
0.03625	0.08375	1.83431e-08	-0.980428	-0.196879
0.03875	0.08375	1.81966e-08	-0.320471	0.947258
0.04125	0.08375	4.11642e-08	-0.0209681	0.99978
0.04375	0.08375	1.18156e-07	0.00855331	0.999963
0.04625	0.08375	-2.19211e-08	0.0225038	0.999747
0.04875	0.08375	-3.84235e-09	-0.00364641	0.999993
0.05125	0.08375	-3.84235e-09	0.00364641	0.999993
0.05375	0.08375	-2.19211e-08	-0.0225038	0.999747
0.05625	0.08375	1.18156e-07	-0.00855331	0.999963
0.05875	0.08375	4.11642e-08	0.0209681	0.99978
0.06125	0.08375	1.81966e-08	0.320471	0.947258
0.06375	0.08375	1.83431e-08	0.980428	-0.196879
0.06625	0.08375	1.64851e-08	0.635239	-0.772315
0.06875	0.08375	1.65444e-08	0.59717	-0.802114
0.07125	0.08375	1.59135e-08	0.566145	-0.824306
0.07375	0.08375	1.57256e-08	0.56079	-0.827958
0.07625	0.08375	1.54148e-08	0.543769	-0.839235
0.07875	0.08375	1.52225e-08	0.539172	-0.842196
0.08125	0.08375	1.50329e-08	0.518684	-0.854966
0.08375	0.08375	1.48828e-08	0.502725	-0.864446
0.08625	0.08375	1.47589e-08	0.466734	-0.884398
0.08875	0.08375	1.46555e-08	0.426538	-0.90447
0.09125	0.08375	1.45787e-08	0.361029	-0.932554
0.09375	0.08375	1.4519e-08	0.282641	-0.959226
0.09625	0.08375	1.4482e-08	0.17751	-0.984119
0.09875	0.08375	1.44629e-08	0.0631987	-0.998001
0.00125	0.08625	1.53104e-08	-0.0556107	-0.998453
0.00375	0.08625	1.5332e-08	-0.161855	-0.986815
0.00625	0.08625	1.5378e-08	-0.262776	-0.964857
0.00875	0.08625	1.54479e-08	-0.347152	-0.937809
0.01125	0.08625	1.5546e-08	-0.419107	-0.907937
0.01375	0.08625	1.56672e-08	-0.477682	-0.878533
0.01625	0.08625	1.58326e-08	-0.523177	-0.852224
0.01875	0.08625	1.60106e-08	-0.566993	-0.823722
0.02125	0.08625	1.62754e-08	-0.593773	-0.804633
0.02375	0.08625	1.65199e-08	-0.637454	-0.770488
0.02625	0.08625	1.6948e-08	-0.652146	-0.758093
0.02875	0.08625	1.72812e-08	-0.706702	-0.707511
0.03125	0.08625	1.79996e-08	-0.716914	-0.697162
0.03375	0.08625	1.84581e-08	-0.77505	-0.6319
0.03625	0.08625	1.97664e-08	-0.844438	-0.535653
0.03875	0.08625	2.08083e-08	-0.918225	0.39606
0.04125	0.08625	2.99093e-08	-0.0825982	0.996583
0.04375	0.08625	5.19677e-08	-0.126288	0.991994
0.04625	0.08625	9.99116e-08	-0.0165891	0.999862
0.04875	0.08625	1.32841e-07	-0.00826249	0.999966
0.05125	0.08625	1.32841e-07	0.00826249	0.999966
0.05375	0.08625	9.99116e-08	0.0165891	0.999862
0.05625	0.08625	5.19677e-08	0.126288	0.991994
0.05875	0.08625	2.99093e-08	0.0825982	0.996583
0.06125	0.08625	2.08083e-08	0.918225	0.39606
0.06375	0.08625	1.97664e-08	0.844438	-0.535653
0.06625	0.08625	1.84581e-08	0.77505	-0.6319
0.06875	0.08625	1.79996e-08	0.716914	-0.697162
0.07125	0.08625	1.72812e-08	0.706702	-0.707511
0.07375	0.08625	1.6948e-08	0.652146	-0.758093
0.07625	0.08625	1.65199e-08	0.637454	-0.770488
0.07875	0.08625	1.62754e-08	0.593773	-0.804633
0.08125	0.08625	1.60106e-08	0.566993	-0.823722
0.08375	0.08625	1.58326e-08	0.523177	-0.852224
0.08625	0.08625	1.56672e-08	0.477682	-0.878533
0.08875	0.08625	1.5546e-08	0.419107	-0.907937
0.09125	0.08625	1.54479e-08	0.347152	-0.937809
0.09375	0.08625	1.5378e-08	0.262776	-0.964857
0.09625	0.08625	1.5332e-08	0.161855	-0.986815
0.09875	0.08625	1.53104e-08	0.0556107	-0.998453
0.00125	0.08875	1.70463e-08	-0.148541	-0.988906
0.00375	0.08875	1.70733e-08	-0.39313	-0.919483
0.00625	0.08875	1.71262e-08	-0.566193	-0.824273
0.00875	0.08875	1.72112e-08	-0.665259	-0.746613
0.01125	0.08875	1.73222e-08	-0.728803	-0.684723
0.01375	0.08875	1.7472e-08	-0.762004	-0.647572
0.01625	0.08875	1.76532e-08	-0.788141	-0.615495
0.01875	0.08875	1.7879e-08	-0.799417	-0.600776
0.02125	0.08875	1.81558e-08	-0.816158	-0.577829
0.02375	0.08875	1.84703e-08	-0.821737	-0.569866
0.02625	0.08875	1.88992e-08	-0.843234	-0.537547
0.02875	0.08875	1.93093e-08	-0.852561	-0.522627
0.03125	0.08875	2.00209e-08	-0.889611	-0.456719
0.03375	0.08875	2.05238e-08	-0.909604	-0.415476
0.03625	0.08875	2.17676e-08	-0.959708	-0.280999
0.03875	0.08875	2.25221e-08	-0.996268	-0.086316
0.04125	0.08875	2.45418e-08	-0.566762	0.823881
0.04375	0.08875	2.94803e-08	-0.288471	0.957489
0.04625	0.08875	3.92634e-08	-0.0417129	0.99913
0.04875	0.08875	5.02054e-08	-0.0207388	0.999785
0.05125	0.08875	5.02054e-08	0.0207388	0.999785
0.05375	0.08875	3.92634e-08	0.0417129	0.99913
0.05625	0.08875	2.94803e-08	0.288471	0.957489
0.05875	0.08875	2.45418e-08	0.566762	0.823881
0.06125	0.08875	2.25221e-08	0.996268	-0.086316
0.06375	0.08875	2.17676e-08	0.959708	-0.280999
0.06625	0.08875	2.05238e-08	0.909604	-0.415476
0.06875	0.08875	2.00209e-08	0.889611	-0.456719
0.07125	0.08875	1.93093e-08	0.852561	-0.522627
0.07375	0.08875	1.88992e-08	0.843234	-0.537547
0.07625	0.08875	1.84703e-08	0.821737	-0.569866
0.07875	0.08875	1.81558e-08	0.816158	-0.577829
0.08125	0.08875	1.7879e-08	0.799417	-0.600776
0.08375	0.08875	1.76532e-08	0.788141	-0.615495
0.08625	0.08875	1.7472e-08	0.762004	-0.647572
0.08875	0.08875	1.73222e-08	0.728803	-0.684723
0.09125	0.08875	1.72112e-08	0.665259	-0.746613
0.09375	0.08875	1.71262e-08	0.566193	-0.824273
0.09625	0.08875	1.70733e-08	0.39313	-0.919483
0.09875	0.08875	1.70463e-08	0.148541	-0.988906
0.00125	0.09125	1.76544e-08	-0.0810055	-0.996714
0.00375	0.09125	1.76827e-08	-0.234519	-0.972112
0.00625	0.09125	1.77427e-08	-0.37411	-0.927384
0.00875	0.09125	1.78348e-08	-0.485124	-0.874445
0.01125	0.09125	1.79624e-08	-0.573975	-0.818873
0.01375	0.09125	1.81243e-08	-0.64244	-0.766336
0.01625	0.09125	1.83376e-08	-0.693885	-0.720086
0.01875	0.09125	1.85795e-08	-0.738454	-0.674304
0.02125	0.09125	1.89117e-08	-0.768591	-0.63974
0.02375	0.09125	1.92489e-08	-0.804179	-0.594388
0.02625	0.09125	1.97563e-08	-0.824405	-0.566
0.02875	0.09125	2.02117e-08	-0.859593	-0.510979
0.03125	0.09125	2.098e-08	-0.880453	-0.474133
0.03375	0.09125	2.1588e-08	-0.917398	-0.397972
0.03625	0.09125	2.27343e-08	-0.950517	-0.310673
0.03875	0.09125	2.35383e-08	-0.983158	-0.182757
0.04125	0.09125	2.51366e-08	-0.993437	0.114382
0.04375	0.09125	2.57936e-08	-0.688969	0.724791
0.04625	0.09125	2.74749e-08	-0.215748	0.976449
0.04875	0.09125	2.98426e-08	-0.0856421	0.996326
0.05125	0.09125	2.98426e-08	0.0856421	0.996326
0.05375	0.09125	2.74749e-08	0.215748	0.976449
0.05625	0.09125	2.57936e-08	0.688969	0.724791
0.05875	0.09125	2.51366e-08	0.993437	0.114382
0.06125	0.09125	2.35383e-08	0.983158	-0.182757
0.06375	0.09125	2.27343e-08	0.950517	-0.310673
0.06625	0.09125	2.1588e-08	0.917398	-0.397972
0.06875	0.09125	2.098e-08	0.880453	-0.474133
0.07125	0.09125	2.02117e-08	0.859593	-0.510979
0.07375	0.09125	1.97563e-08	0.824405	-0.566
0.07625	0.09125	1.92489e-08	0.804179	-0.594388
0.07875	0.09125	1.89117e-08	0.768591	-0.63974
0.08125	0.09125	1.85795e-08	0.738454	-0.674304
0.08375	0.09125	1.83376e-08	0.693885	-0.720086
0.08625	0.09125	1.81243e-08	0.64244	-0.766336
0.08875	0.09125	1.79624e-08	0.573975	-0.818873
0.09125	0.09125	1.78348e-08	0.485124	-0.874445
0.09375	0.09125	1.77427e-08	0.37411	-0.927384
0.09625	0.09125	1.76827e-08	0.234519	-0.972112
0.09875	0.09125	1.76544e-08	0.0810055	-0.996714
0.00125	0.09375	1.95399e-08	-0.9916	-0.129343
0.00375	0.09375	1.95723e-08	-0.997391	-0.0721828
0.00625	0.09375	1.96365e-08	-0.996365	-0.08519
0.00875	0.09375	1.97386e-08	-0.994382	-0.105847
0.01125	0.09375	1.98733e-08	-0.992117	-0.125316
0.01375	0.09375	2.00539e-08	-0.989234	-0.146342
0.01625	0.09375	2.02732e-08	-0.986945	-0.161057
0.01875	0.09375	2.05468e-08	-0.984011	-0.178108
0.02125	0.09375	2.08757e-08	-0.983274	-0.182133
0.02375	0.09375	2.12622e-08	-0.98138	-0.192077
0.02625	0.09375	2.1742e-08	-0.984216	-0.176973
0.02875	0.09375	2.22659e-08	-0.984621	-0.174701
0.03125	0.09375	2.29581e-08	-0.991975	-0.126433
0.03375	0.09375	2.36589e-08	-0.994887	-0.100991
0.03625	0.09375	2.46177e-08	-0.999991	0.00422346
0.03875	0.09375	2.56142e-08	-0.996819	0.0796927
0.04125	0.09375	2.67378e-08	-0.959823	0.280605
0.04375	0.09375	2.83274e-08	-0.899008	0.437932
0.04625	0.09375	2.88616e-08	-0.714942	0.699184
0.04875	0.09375	2.96974e-08	-0.244925	0.969542
0.05125	0.09375	2.96974e-08	0.244925	0.969542
0.05375	0.09375	2.88616e-08	0.714942	0.699184
0.05625	0.09375	2.83274e-08	0.899008	0.437932
0.05875	0.09375	2.67378e-08	0.959823	0.280605
0.06125	0.09375	2.56142e-08	0.996819	0.0796927
0.06375	0.09375	2.46177e-08	0.999991	0.00422346
0.06625	0.09375	2.36589e-08	0.994887	-0.100991
0.06875	0.09375	2.29581e-08	0.991975	-0.126433
0.07125	0.09375	2.22659e-08	0.984621	-0.174701
0.07375	0.09375	2.1742e-08	0.984216	-0.176973
0.07625	0.09375	2.12622e-08	0.98138	-0.192077
0.07875	0.09375	2.08757e-08	0.983274	-0.182133
0.08125	0.09375	2.05468e-08	0.984011	-0.178108
0.08375	0.09375	2.02732e-08	0.986945	-0.161057
0.08625	0.09375	2.00539e-08	0.989234	-0.146342
0.08875	0.09375	1.98733e-08	0.992117	-0.125316
0.09125	0.09375	1.97386e-08	0.994382	-0.105847
0.09375	0.09375	1.96365e-08	0.996365	-0.08519
0.09625	0.09375	1.95723e-08	0.997391	-0.0721828
0.09875	0.09375	1.95399e-08	0.9916	-0.129343
0.00125	0.09625	1.98582e-08	-0.10782	-0.99417
0.00375	0.09625	1.98907e-08	-0.307959	-0.951399
0.00625	0.09625	1.99585e-08	-0.480262	-0.877125
0.00875	0.09625	2.0064e-08	-0.607952	-0.793974
0.01125	0.09625	2.02073e-08	-0.702979	-0.711211
0.01375	0.09625	2.03937e-08	-0.770696	-0.637204
0.01625	0.09625	2.06291e-08	-0.81945	-0.573151
0.01875	0.09625	2.09095e-08	-0.856845	-0.515574
0.02125	0.09625	2.12651e-08	-0.882729	-0.469882
0.02375	0.09625	2.16571e-08	-0.906442	-0.422329
0.02625	0.09625	2.21722e-08	-0.92162	-0.388095
0.02875	0.09625	2.2696e-08	-0.939484	-0.342593
0.03125	0.09625	2.34132e-08	-0.951296	-0.308279
0.03375	0.09625	2.40848e-08	-0.966717	-0.255849
0.03625	0.09625	2.50173e-08	-0.980183	-0.198092
0.03875	0.09625	2.58213e-08	-0.993252	-0.115979
0.04125	0.09625	2.68671e-08	-0.999801	0.0199667
0.04375	0.09625	2.76517e-08	-0.965771	0.259398
0.04625	0.09625	2.844e-08	-0.871782	0.489893
0.04875	0.09625	2.90586e-08	-0.512032	0.858966
0.05125	0.09625	2.90586e-08	0.512032	0.858966
0.05375	0.09625	2.844e-08	0.871782	0.489893
0.05625	0.09625	2.76517e-08	0.965771	0.259398
0.05875	0.09625	2.68671e-08	0.999801	0.0199667
0.06125	0.09625	2.58213e-08	0.993252	-0.115979
0.06375	0.09625	2.50173e-08	0.980183	-0.198092
0.06625	0.09625	2.40848e-08	0.966717	-0.255849
0.06875	0.09625	2.34132e-08	0.951296	-0.308279
0.07125	0.09625	2.2696e-08	0.939484	-0.342593
0.07375	0.09625	2.21722e-08	0.92162	-0.388095
0.07625	0.09625	2.16571e-08	0.906442	-0.422329
0.07875	0.09625	2.12651e-08	0.882729	-0.469882
0.08125	0.09625	2.09095e-08	0.856845	-0.515574
0.08375	0.09625	2.06291e-08	0.81945	-0.573151
0.08625	0.09625	2.03937e-08	0.770696	-0.637204
0.08875	0.09625	2.02073e-08	0.702979	-0.711211
0.09125	0.09625	2.0064e-08	0.607952	-0.793974
0.09375	0.09625	1.99585e-08	0.480262	-0.877125
0.09625	0.09625	1.98907e-08	0.307959	-0.951399
0.09875	0.09625	1.98582e-08	0.10782	-0.99417
0.00125	0.09875	2.19142e-08	-0.159482	0.987201
0.00375	0.09875	2.19488e-08	-0.430285	0.902693
0.00625	0.09875	2.2018e-08	-0.632602	0.774477
0.00875	0.09875	2.21272e-08	-0.761822	0.647786
0.01125	0.09875	2.22728e-08	-0.844852	0.534999
0.01375	0.09875	2.24656e-08	-0.896658	0.442724
0.01625	0.09875	2.27027e-08	-0.93014	0.367205
0.01875	0.09875	2.29938e-08	-0.952465	0.304649
0.02125	0.09875	2.3347e-08	-0.966249	0.257608
0.02375	0.09875	2.37557e-08	-0.976672	0.214737
0.02625	0.09875	2.42585e-08	-0.981745	0.190201
0.02875	0.09875	2.48061e-08	-0.986824	0.161799
0.03125	0.09875	2.5491e-08	-0.987539	0.157375
0.03375	0.09875	2.61966e-08	-0.989616	0.143733
0.03625	0.09875	2.70578e-08	-0.987213	0.159408
0.03875	0.09875	2.79256e-08	-0.985574	0.169243
0.04125	0.09875	2.88287e-08	-0.977176	0.212434
0.04375	0.09875	2.97652e-08	-0.959777	0.280763
0.04625	0.09875	3.03426e-08	-0.915412	0.402519
0.04875	0.09875	3.08188e-08	-0.586062	0.810266
0.05125	0.09875	3.08188e-08	0.586062	0.810266
0.05375	0.09875	3.03426e-08	0.915412	0.402519
0.05625	0.09875	2.97652e-08	0.959777	0.280763
0.05875	0.09875	2.88287e-08	0.977176	0.212434
0.06125	0.09875	2.79256e-08	0.985574	0.169243
0.06375	0.09875	2.70578e-08	0.987213	0.159408
0.06625	0.09875	2.61966e-08	0.989616	0.143733
0.06875	0.09875	2.5491e-08	0.987539	0.157375
0.07125	0.09875	2.48061e-08	0.986824	0.161799
0.07375	0.09875	2.42585e-08	0.981745	0.190201
0.07625	0.09875	2.37557e-08	0.976672	0.214737
0.07875	0.09875	2.3347e-08	0.966249	0.257608
0.08125	0.09875	2.29938e-08	0.952465	0.304649
0.08375	0.09875	2.27027e-08	0.93014	0.367205
0.08625	0.09875	2.24656e-08	0.896658	0.442724
0.08875	0.09875	2.22728e-08	0.844852	0.534999
0.09125	0.09875	2.21272e-08	0.761822	0.647786
0.09375	0.09875	2.2018e-08	0.632602	0.774477
0.09625	0.09875	2.19488e-08	0.430285	0.902693
0.09875	0.09875	2.19142e-08	0.159482	0.987201
