0.00125	0.00125	9.01346e-07
0.00375	0.00125	1.21852e-06
0.00625	0.00125	9.95876e-07
0.00875	0.00125	1.2746e-06
0.01125	0.00125	1.39494e-06
0.01375	0.00125	1.62704e-06
0.01625	0.00125	1.78146e-06
0.01875	0.00125	1.94475e-06
0.02125	0.00125	2.04745e-06
0.02375	0.00125	2.12277e-06
0.02625	0.00125	2.14004e-06
0.02875	0.00125	2.11367e-06
0.03125	0.00125	2.03072e-06
0.03375	0.00125	1.89807e-06
0.03625	0.00125	1.71294e-06
0.03875	0.00125	1.48124e-06
0.04125	0.00125	1.20581e-06
0.04375	0.00125	8.94075e-07
0.04625	0.00125	5.52762e-07
0.04875	0.00125	1.8861e-07
0.05125	0.00125	-1.8861e-07
0.05375	0.00125	-5.52762e-07
0.05625	0.00125	-8.94075e-07
0.05875	0.00125	-1.20581e-06
0.06125	0.00125	-1.48124e-06
0.06375	0.00125	-1.71294e-06
0.06625	0.00125	-1.89807e-06
0.06875	0.00125	-2.03072e-06
0.07125	0.00125	-2.11367e-06
0.07375	0.00125	-2.14004e-06
0.07625	0.00125	-2.12277e-06
0.07875	0.00125	-2.04745e-06
0.08125	0.00125	-1.94475e-06
0.08375	0.00125	-1.78146e-06
0.08625	0.00125	-1.62704e-06
0.08875	0.00125	-1.39494e-06
0.09125	0.00125	-1.2746e-06
0.09375	0.00125	-9.95876e-07
0.09625	0.00125	-1.21852e-06
0.09875	0.00125	-9.01346e-07
0.00125	0.00375	-3.33098e-07
0.00375	0.00375	-3.06658e-08
0.00625	0.00375	7.15485e-07
0.00875	0.00375	1.00212e-06
0.01125	0.00375	1.32746e-06
0.01375	0.00375	1.56081e-06
0.01625	0.00375	1.75676e-06
0.01875	0.00375	1.9174e-06
0.02125	0.00375	2.02602e-06
0.02375	0.00375	2.0974e-06
0.02625	0.00375	2.11318e-06
0.02875	0.00375	2.08344e-06
0.03125	0.00375	1.99825e-06
0.03375	0.00375	1.86395e-06
0.03625	0.00375	1.67827e-06
0.03875	0.00375	1.44731e-06
0.04125	0.00375	1.17421e-06
0.04375	0.00375	8.66809e-07
0.04625	0.00375	5.32044e-07
0.04875	0.00375	1.79989e-07
0.05125	0.00375	-1.79989e-07
0.05375	0.00375	-5.32044e-07
0.05625	0.00375	-8.66809e-07
0.05875	0.00375	-1.17421e-06
0.06125	0.00375	-1.44731e-06
0.06375	0.00375	-1.67827e-06
0.06625	0.00375	-1.86395e-06
0.06875	0.00375	-1.99825e-06
0.07125	0.00375	-2.08344e-06
0.07375	0.00375	-2.11318e-06
0.07625	0.00375	-2.0974e-06
0.07875	0.00375	-2.02602e-06
0.08125	0.00375	-1.9174e-06
0.08375	0.00375	-1.75676e-06
0.08625	0.00375	-1.56081e-06
0.08875	0.00375	-1.32746e-06
0.09125	0.00375	-1.00212e-06
0.09375	0.00375	-7.15485e-07
0.09625	0.00375	3.06658e-08
0.09875	0.00375	3.33098e-07
0.00125	0.00625	5.93002e-07
0.00375	0.00625	9.42086e-07
0.00625	0.00625	1.01764e-06
0.00875	0.00625	1.32606e-06
0.01125	0.00625	1.51755e-06
0.01375	0.00625	1.77396e-06
0.01625	0.00625	1.96007e-06
0.01875	0.00625	2.14304e-06
0.02125	0.00625	2.26448e-06
0.02375	0.00625	2.35226e-06
0.02625	0.00625	2.37697e-06
0.02875	0.00625	2.35142e-06
0.03125	0.00625	2.26367e-06
0.03375	0.00625	2.11738e-06
0.03625	0.00625	1.91225e-06
0.03875	0.00625	1.65298e-06
0.04125	0.00625	1.34328e-06
0.04375	0.00625	9.93167e-07
0.04625	0.00625	6.10004e-07
0.04875	0.00625	2.06568e-07
0.05125	0.00625	-2.06568e-07
0.05375	0.00625	-6.10004e-07
0.05625	0.00625	-9.93167e-07
0.05875	0.00625	-1.34328e-06
0.06125	0.00625	-1.65298e-06
0.06375	0.00625	-1.91225e-06
0.06625	0.00625	-2.11738e-06
0.06875	0.00625	-2.26367e-06
0.07125	0.00625	-2.35142e-06
0.07375	0.00625	-2.37697e-06
0.07625	0.00625	-2.35226e-06
0.07875	0.00625	-2.26448e-06
0.08125	0.00625	-2.14304e-06
0.08375	0.00625	-1.96007e-06
0.08625	0.00625	-1.77396e-06
0.08875	0.00625	-1.51755e-06
0.09125	0.00625	-1.32606e-06
0.09375	0.00625	-1.01764e-06
0.09625	0.00625	-9.42086e-07
0.09875	0.00625	-5.93002e-07
0.00125	0.00875	2.24609e-07
0.00375	0.00875	5.55895e-07
0.00625	0.00875	8.77262e-07
0.00875	0.00875	1.18045e-06
0.01125	0.00875	1.43894e-06
0.01375	0.00875	1.68814e-06
0.01625	0.00875	1.88541e-06
0.01875	0.00875	2.05919e-06
0.02125	0.00875	2.17759e-06
0.02375	0.00875	2.25665e-06
0.02625	0.00875	2.27726e-06
0.02875	0.00875	2.24751e-06
0.03125	0.00875	2.15851e-06
0.03375	0.00875	2.01492e-06
0.03625	0.00875	1.81557e-06
0.03875	0.00875	1.56608e-06
0.04125	0.00875	1.27059e-06
0.04375	0.00875	9.37596e-07
0.04625	0.00875	5.75018e-07
0.04875	0.00875	1.94331e-07
0.05125	0.00875	-1.94331e-07
0.05375	0.00875	-5.75018e-07
0.05625	0.00875	-9.37596e-07
0.05875	0.00875	-1.27059e-06
0.06125	0.00875	-1.56608e-06
0.06375	0.00875	-1.81557e-06
0.06625	0.00875	-2.01492e-06
0.06875	0.00875	-2.15851e-06
0.07125	0.00875	-2.24751e-06
0.07375	0.00875	-2.27726e-06
0.07625	0.00875	-2.25665e-06
0.07875	0.00875	-2.17759e-06
0.08125	0.00875	-2.05919e-06
0.08375	0.00875	-1.88541e-06
0.08625	0.00875	-1.68814e-06
0.08875	0.00875	-1.43894e-06
0.09125	0.00875	-1.18045e-06
0.09375	0.00875	-8.77262e-07
0.09625	0.00875	-5.55895e-07
0.09875	0.00875	-2.24609e-07
0.00125	0.01125	-8.77444e-08
0.00375	0.01125	3.0607e-07
0.00625	0.01125	9.55999e-07
0.00875	0.01125	1.32367e-06
0.01125	0.01125	1.7021e-06
0.01375	0.01125	2.01349e-06
0.01625	0.01125	2.2879e-06
0.01875	0.01125	2.51664e-06
0.02125	0.01125	2.68779e-06
0.02375	0.01125	2.80857e-06
0.02625	0.01125	2.85574e-06
0.02875	0.01125	2.83911e-06
0.03125	0.01125	2.75057e-06
0.03375	0.01125	2.58197e-06
0.03625	0.01125	2.34227e-06
0.03875	0.01125	2.03127e-06
0.04125	0.01125	1.65316e-06
0.04375	0.01125	1.22417e-06
0.04625	0.01125	7.51771e-07
0.04875	0.01125	2.54582e-07
0.05125	0.01125	-2.54582e-07
0.05375	0.01125	-7.51771e-07
0.05625	0.01125	-1.22417e-06
0.05875	0.01125	-1.65316e-06
0.06125	0.01125	-2.03127e-06
0.06375	0.01125	-2.34227e-06
0.06625	0.01125	-2.58197e-06
0.06875	0.01125	-2.75057e-06
0.07125	0.01125	-2.83911e-06
0.07375	0.01125	-2.85574e-06
0.07625	0.01125	-2.80857e-06
0.07875	0.01125	-2.68779e-06
0.08125	0.01125	-2.51664e-06
0.08375	0.01125	-2.2879e-06
0.08625	0.01125	-2.01349e-06
0.08875	0.01125	-1.7021e-06
0.09125	0.01125	-1.32367e-06
0.09375	0.01125	-9.55999e-07
0.09625	0.01125	-3.0607e-07
0.09875	0.01125	8.77444e-08
0.00125	0.01375	8.96981e-07
0.00375	0.01375	1.2816e-06
0.00625	0.01375	1.13243e-06
0.00875	0.01375	1.46923e-06
0.01125	0.01375	1.64919e-06
0.01375	0.01375	1.93176e-06
0.01625	0.01375	2.14052e-06
0.01875	0.01375	2.3436e-06
0.02125	0.01375	2.48513e-06
0.02375	0.01375	2.58313e-06
0.02625	0.01375	2.61707e-06
0.02875	0.01375	2.59139e-06
0.03125	0.01375	2.49824e-06
0.03375	0.01375	2.33862e-06
0.03625	0.01375	2.11304e-06
0.03875	0.01375	1.82646e-06
0.04125	0.01375	1.4847e-06
0.04375	0.01375	1.09708e-06
0.04625	0.01375	6.73422e-07
0.04875	0.01375	2.27875e-07
0.05125	0.01375	-2.27875e-07
0.05375	0.01375	-6.73422e-07
0.05625	0.01375	-1.09708e-06
0.05875	0.01375	-1.4847e-06
0.06125	0.01375	-1.82646e-06
0.06375	0.01375	-2.11304e-06
0.06625	0.01375	-2.33862e-06
0.06875	0.01375	-2.49824e-06
0.07125	0.01375	-2.59139e-06
0.07375	0.01375	-2.61707e-06
0.07625	0.01375	-2.58313e-06
0.07875	0.01375	-2.48513e-06
0.08125	0.01375	-2.3436e-06
0.08375	0.01375	-2.14052e-06
0.08625	0.01375	-1.93176e-06
0.08875	0.01375	-1.64919e-06
0.09125	0.01375	-1.46923e-06
0.09375	0.01375	-1.13243e-06
0.09625	0.01375	-1.2816e-06
0.09875	0.01375	-8.96981e-07
0.00125	0.01625	7.86144e-08
0.00375	0.01625	6.41754e-07
0.00625	0.01625	1.39538e-06
0.00875	0.01625	1.93211e-06
0.01125	0.01625	2.43823e-06
0.01375	0.01625	2.90508e-06
0.01625	0.01625	3.33939e-06
0.01875	0.01625	3.69543e-06
0.02125	0.01625	3.98167e-06
0.02375	0.01625	4.19605e-06
0.02625	0.01625	4.2912e-06
0.02875	0.01625	4.2952e-06
0.03125	0.01625	4.20112e-06
0.03375	0.01625	3.96085e-06
0.03625	0.01625	3.61706e-06
0.03875	0.01625	3.15489e-06
0.04125	0.01625	2.57233e-06
0.04375	0.01625	1.91013e-06
0.04625	0.01625	1.17481e-06
0.04875	0.01625	3.98291e-07
0.05125	0.01625	-3.98291e-07
0.05375	0.01625	-1.17481e-06
0.05625	0.01625	-1.91013e-06
0.05875	0.01625	-2.57233e-06
0.06125	0.01625	-3.15489e-06
0.06375	0.01625	-3.61706e-06
0.06625	0.01625	-3.96085e-06
0.06875	0.01625	-4.20112e-06
0.07125	0.01625	-4.2952e-06
0.07375	0.01625	-4.2912e-06
0.07625	0.01625	-4.19605e-06
0.07875	0.01625	-3.98167e-06
0.08125	0.01625	-3.69543e-06
0.08375	0.01625	-3.33939e-06
0.08625	0.01625	-2.90508e-06
0.08875	0.01625	-2.43823e-06
0.09125	0.01625	-1.93211e-06
0.09375	0.01625	-1.39538e-06
0.09625	0.01625	-6.41754e-07
0.09875	0.01625	-7.86144e-08
0.00125	0.01875	0.000149479
0.00375	0.01875	0.000403911
0.00625	0.01875	0.000634092
0.00875	0.01875	0.000870434
0.01125	0.01875	0.00108879
0.01375	0.01875	0.00129163
0.01625	0.01875	0.00147013
0.01875	0.01875	0.00162077
0.02125	0.01875	0.00173825
0.02375	0.01875	0.00181773
0.02625	0.01875	0.00185558
0.02875	0.01875	0.00184732
0.03125	0.01875	0.00179145
0.03375	0.01875	0.00168503
0.03625	0.01875	0.00153025
0.03875	0.01875	0.00132736
0.04125	0.01875	0.00108231
0.04375	0.01875	0.000801188
0.04625	0.01875	0.000491534
0.04875	0.01875	0.000166544
0.05125	0.01875	-0.000166544
0.05375	0.01875	-0.000491534
0.05625	0.01875	-0.000801188
0.05875	0.01875	-0.00108231
0.06125	0.01875	-0.00132736
0.06375	0.01875	-0.00153025
0.06625	0.01875	-0.00168503
0.06875	0.01875	-0.00179145
0.07125	0.01875	-0.00184732
0.07375	0.01875	-0.00185558
0.07625	0.01875	-0.00181773
0.07875	0.01875	-0.00173825
0.08125	0.01875	-0.00162077
0.08375	0.01875	-0.00147013
0.08625	0.01875	-0.00129163
0.08875	0.01875	-0.00108879
0.09125	0.01875	-0.000870434
0.09375	0.01875	-0.000634092
0.09625	0.01875	-0.000403911
0.09875	0.01875	-0.000149479
0.00125	0.02125	0.000209391
0.00375	0.02125	0.000663834
0.00625	0.02125	0.00112258
0.00875	0.02125	0.00155058
0.01125	0.02125	0.00195746
0.01375	0.02125	0.00232741
0.01625	0.02125	0.00265734
0.01875	0.02125	0.00293618
0.02125	0.02125	0.00315705
0.02375	0.02125	0.00331007
0.02625	0.02125	0.00338837
0.02875	0.02125	0.00338301
0.03125	0.02125	0.00329066
0.03375	0.02125	0.00310476
0.03625	0.02125	0.00282834
0.03875	0.02125	0.00246071
0.04125	0.02125	0.00201147
0.04375	0.02125	0.00149218
0.04625	0.02125	0.000916891
0.04875	0.02125	0.000310914
0.05125	0.02125	-0.000310914
0.05375	0.02125	-0.000916891
0.05625	0.02125	-0.00149218
0.05875	0.02125	-0.00201147
0.06125	0.02125	-0.00246071
0.06375	0.02125	-0.00282834
0.06625	0.02125	-0.00310476
0.06875	0.02125	-0.00329066
0.07125	0.02125	-0.00338301
0.07375	0.02125	-0.00338837
0.07625	0.02125	-0.00331007
0.07875	0.02125	-0.00315705
0.08125	0.02125	-0.00293618
0.08375	0.02125	-0.00265734
0.08625	0.02125	-0.00232741
0.08875	0.02125	-0.00195746
0.09125	0.02125	-0.00155058
0.09375	0.02125	-0.00112258
0.09625	0.02125	-0.000663834
0.09875	0.02125	-0.000209391
0.00125	0.02375	0.000221884
0.00375	0.02375	0.000684972
0.00625	0.02375	0.0011468
0.00875	0.02375	0.00158262
0.01125	0.02375	0.00199548
0.01375	0.02375	0.00237409
0.01625	0.02375	0.00271243
0.01875	0.02375	0.00300063
0.02125	0.02375	0.0032304
0.02375	0.02375	0.00339171
0.02625	0.02375	0.00347743
0.02875	0.02375	0.0034772
0.03125	0.02375	0.00338798
0.03375	0.02375	0.00320055
0.03625	0.02375	0.00291956
0.03875	0.02375	0.0025419
0.04125	0.02375	0.00208011
0.04375	0.02375	0.00154424
0.04625	0.02375	0.000948551
0.04875	0.02375	0.000322832
0.05125	0.02375	-0.000322832
0.05375	0.02375	-0.000948551
0.05625	0.02375	-0.00154424
0.05875	0.02375	-0.00208011
0.06125	0.02375	-0.0025419
0.06375	0.02375	-0.00291956
0.06625	0.02375	-0.00320055
0.06875	0.02375	-0.00338798
0.07125	0.02375	-0.0034772
0.07375	0.02375	-0.00347743
0.07625	0.02375	-0.00339171
0.07875	0.02375	-0.0032304
0.08125	0.02375	-0.00300063
0.08375	0.02375	-0.00271243
0.08625	0.02375	-0.00237409
0.08875	0.02375	-0.00199548
0.09125	0.02375	-0.00158262
0.09375	0.02375	-0.0011468
0.09625	0.02375	-0.000684972
0.09875	0.02375	-0.000221884
0.00125	0.02625	0.000245478
0.00375	0.02625	0.000729989
0.00625	0.02625	0.00120217
0.00875	0.02625	0.0016608
0.01125	0.02625	0.00209628
0.01375	0.02625	0.00249975
0.01625	0.02625	0.00286362
0.01875	0.02625	0.00317772
0.02125	0.02625	0.00343335
0.02375	0.02625	0.00361941
0.02625	0.02625	0.00372695
0.02875	0.02625	0.00374393
0.03125	0.02625	0.00366593
0.03375	0.02625	0.00348037
0.03625	0.02625	0.00319075
0.03875	0.02625	0.00279118
0.04125	0.02625	0.00229443
0.04375	0.02625	0.00170989
0.04625	0.02625	0.00105334
0.04875	0.02625	0.000359381
0.05125	0.02625	-0.000359381
0.05375	0.02625	-0.00105334
0.05625	0.02625	-0.00170989
0.05875	0.02625	-0.00229443
0.06125	0.02625	-0.00279118
0.06375	0.02625	-0.00319075
0.06625	0.02625	-0.00348037
0.06875	0.02625	-0.00366593
0.07125	0.02625	-0.00374393
0.07375	0.02625	-0.00372695
0.07625	0.02625	-0.00361941
0.07875	0.02625	-0.00343335
0.08125	0.02625	-0.00317772
0.08375	0.02625	-0.00286362
0.08625	0.02625	-0.00249975
0.08875	0.02625	-0.00209628
0.09125	0.02625	-0.0016608
0.09375	0.02625	-0.00120217
0.09625	0.02625	-0.000729989
0.09875	0.02625	-0.000245478
0.00125	0.02875	0.000239941
0.00375	0.02875	0.00074586
0.00625	0.02875	0.0012529
0.00875	0.02875	0.0017357
0.01125	0.02875	0.00219966
0.01375	0.02875	0.00263019
0.01625	0.02875	0.0030231
0.01875	0.02875	0.00336638
0.02125	0.02875	0.00365114
0.02375	0.02875	0.00386439
0.02625	0.02875	0.00399623
0.02875	0.02875	0.00403025
0.03125	0.02875	0.00396392
0.03375	0.02875	0.00377598
0.03625	0.02875	0.0034782
0.03875	0.02875	0.00304976
0.04125	0.02875	0.00251502
0.04375	0.02875	0.00187739
0.04625	0.02875	0.00115407
0.04875	0.02875	0.000398438
0.05125	0.02875	-0.000398438
0.05375	0.02875	-0.00115407
0.05625	0.02875	-0.00187739
0.05875	0.02875	-0.00251502
0.06125	0.02875	-0.00304976
0.06375	0.02875	-0.0034782
0.06625	0.02875	-0.00377598
0.06875	0.02875	-0.00396392
0.07125	0.02875	-0.00403025
0.07375	0.02875	-0.00399623
0.07625	0.02875	-0.00386439
0.07875	0.02875	-0.00365114
0.08125	0.02875	-0.00336638
0.08375	0.02875	-0.0030231
0.08625	0.02875	-0.00263019
0.08875	0.02875	-0.00219966
0.09125	0.02875	-0.0017357
0.09375	0.02875	-0.0012529
0.09625	0.02875	-0.00074586
0.09875	0.02875	-0.000239941
0.00125	0.03125	0.000271818
0.00375	0.03125	0.000811472
0.00625	0.03125	0.00134212
0.00875	0.03125	0.00186041
0.01125	0.03125	0.00235894
0.01375	0.03125	0.00282968
0.01625	0.03125	0.00326409
0.01875	0.03125	0.003652
0.02125	0.03125	0.0039814
0.02375	0.03125	0.00423957
0.02625	0.03125	0.00441374
0.02875	0.03125	0.00448624
0.03125	0.03125	0.00444754
0.03375	0.03125	0.00427378
0.03625	0.03125	0.0039704
0.03875	0.03125	0.00351312
0.04125	0.03125	0.0029227
0.04375	0.03125	0.00219848
0.04625	0.03125	0.00136275
0.04875	0.03125	0.000470996
0.05125	0.03125	-0.000470996
0.05375	0.03125	-0.00136275
0.05625	0.03125	-0.00219848
0.05875	0.03125	-0.0029227
0.06125	0.03125	-0.00351312
0.06375	0.03125	-0.0039704
0.06625	0.03125	-0.00427378
0.06875	0.03125	-0.00444754
0.07125	0.03125	-0.00448624
0.07375	0.03125	-0.00441374
0.07625	0.03125	-0.00423957
0.07875	0.03125	-0.0039814
0.08125	0.03125	-0.003652
0.08375	0.03125	-0.00326409
0.08625	0.03125	-0.00282968
0.08875	0.03125	-0.00235894
0.09125	0.03125	-0.00186041
0.09375	0.03125	-0.00134212
0.09625	0.03125	-0.000811472
0.09875	0.03125	-0.000271818
0.00125	0.03375	0.000275861
0.00375	0.03375	0.000849551
0.00625	0.03375	0.00142511
0.00875	0.03375	0.00198268
0.01125	0.03375	0.00252662
0.01375	0.03375	0.00304353
0.01625	0.03375	0.00352823
0.01875	0.03375	0.00396877
0.02125	0.03375	0.00435239
0.02375	0.03375	0.00466361
0.02625	0.03375	0.00488805
0.02875	0.03375	0.00499739
0.03125	0.03375	0.00499116
0.03375	0.03375	0.00481661
0.03625	0.03375	0.00450861
0.03875	0.03375	0.00399265
0.04125	0.03375	0.0033378
0.04375	0.03375	0.00251028
0.04625	0.03375	0.0015412
0.04875	0.03375	0.000550121
0.05125	0.03375	-0.000550121
0.05375	0.03375	-0.0015412
0.05625	0.03375	-0.00251028
0.05875	0.03375	-0.0033378
0.06125	0.03375	-0.00399265
0.06375	0.03375	-0.00450861
0.06625	0.03375	-0.00481661
0.06875	0.03375	-0.00499116
0.07125	0.03375	-0.00499739
0.07375	0.03375	-0.00488805
0.07625	0.03375	-0.00466361
0.07875	0.03375	-0.00435239
0.08125	0.03375	-0.00396877
0.08375	0.03375	-0.00352823
0.08625	0.03375	-0.00304353
0.08875	0.03375	-0.00252662
0.09125	0.03375	-0.00198268
0.09375	0.03375	-0.00142511
0.09625	0.03375	-0.000849551
0.09875	0.03375	-0.000275861
0.00125	0.03625	0.000306211
0.00375	0.03625	0.000922451
0.00625	0.03625	0.00153639
0.00875	0.03625	0.00214091
0.01125	0.03625	0.00273391
0.01375	0.03625	0.00330755
0.01625	0.03625	0.00385324
0.01875	0.03625	0.00436259
0.02125	0.03625	0.00481745
0.02375	0.03625	0.00520716
0.02625	0.03625	0.00550533
0.02875	0.03625	0.00569281
0.03125	0.03625	0.00574654
0.03375	0.03625	0.0056262
0.03625	0.03625	0.00533246
0.03875	0.03625	0.00480376
0.04125	0.03625	0.00407817
0.04375	0.03625	0.00311332
0.04625	0.03625	0.0019581
0.04875	0.03625	0.000691572
0.05125	0.03625	-0.000691572
0.05375	0.03625	-0.0019581
0.05625	0.03625	-0.00311332
0.05875	0.03625	-0.00407817
0.06125	0.03625	-0.00480376
0.06375	0.03625	-0.00533246
0.06625	0.03625	-0.0056262
0.06875	0.03625	-0.00574654
0.07125	0.03625	-0.00569281
0.07375	0.03625	-0.00550533
0.07625	0.03625	-0.00520716
0.07875	0.03625	-0.00481745
0.08125	0.03625	-0.00436259
0.08375	0.03625	-0.00385324
0.08625	0.03625	-0.00330755
0.08875	0.03625	-0.00273391
0.09125	0.03625	-0.00214091
0.09375	0.03625	-0.00153639
0.09625	0.03625	-0.000922451
0.09875	0.03625	-0.000306211
0.00125	0.03875	0.000319881
0.00375	0.03875	0.000979118
0.00625	0.03875	0.00164439
0.00875	0.03875	0.00230033
0.01125	0.03875	0.00295262
0.01375	0.03875	0.00359144
0.01625	0.03875	0.00420969
0.01875	0.03875	0.00480003
0.02125	0.03875	0.00534076
0.02375	0.03875	0.00581977
0.02625	0.03875	0.00620927
0.02875	0.03875	0.00646765
0.03125	0.03875	0.00659901
0.03375	0.03875	0.00647902
0.03625	0.03875	0.00621634
0.03875	0.03875	0.00556771
0.04125	0.03875	0.00476505
0.04375	0.03875	0.00360474
0.04625	0.03875	0.00219441
0.04875	0.03875	0.000842326
0.05125	0.03875	-0.000842326
0.05375	0.03875	-0.00219441
0.05625	0.03875	-0.00360474
0.05875	0.03875	-0.00476505
0.06125	0.03875	-0.00556771
0.06375	0.03875	-0.00621634
0.06625	0.03875	-0.00647902
0.06875	0.03875	-0.00659901
0.07125	0.03875	-0.00646765
0.07375	0.03875	-0.00620927
0.07625	0.03875	-0.00581977
0.07875	0.03875	-0.00534076
0.08125	0.03875	-0.00480003
0.08375	0.03875	-0.00420969
0.08625	0.03875	-0.00359144
0.08875	0.03875	-0.00295262
0.09125	0.03875	-0.00230033
0.09375	0.03875	-0.00164439
0.09625	0.03875	-0.000979118
0.09875	0.03875	-0.000319881
0.00125	0.04125	0.000347213
0.00375	0.04125	0.00105224
0.00625	0.04125	0.001764
0.00875	0.04125	0.00247414
0.01125	0.04125	0.003187
0.01375	0.04125	0.00389788
0.01625	0.04125	0.00459703
0.01875	0.04125	0.00528535
0.02125	0.04125	0.00592978
0.02375	0.04125	0.00653791
0.02625	0.04125	0.00704764
0.02875	0.04125	0.00746412
0.03125	0.04125	0.00770953
0.03375	0.04125	0.00775542
0.03625	0.04125	0.00755344
0.03875	0.04125	0.00699379
0.04125	0.04125	0.00613281
0.04375	0.04125	0.00478898
0.04625	0.04125	0.00312141
0.04875	0.04125	0.00114189
0.05125	0.04125	-0.00114189
0.05375	0.04125	-0.00312141
0.05625	0.04125	-0.00478898
0.05875	0.04125	-0.00613281
0.06125	0.04125	-0.00699379
0.06375	0.04125	-0.00755344
0.06625	0.04125	-0.00775542
0.06875	0.04125	-0.00770953
0.07125	0.04125	-0.00746412
0.07375	0.04125	-0.00704764
0.07625	0.04125	-0.00653791
0.07875	0.04125	-0.00592978
0.08125	0.04125	-0.00528535
0.08375	0.04125	-0.00459703
0.08625	0.04125	-0.00389788
0.08875	0.04125	-0.003187
0.09125	0.04125	-0.00247414
0.09375	0.04125	-0.001764
0.09625	0.04125	-0.00105224
0.09875	0.04125	-0.000347213
0.00125	0.04375	0.000365178
0.00375	0.04375	0.00111499
0.00625	0.04375	0.00187941
0.00875	0.04375	0.0026473
0.01125	0.04375	0.00342895
0.01375	0.04375	0.00422207
0.01625	0.04375	0.00501617
0.01875	0.04375	0.00581988
0.02125	0.04375	0.00659116
0.02375	0.04375	0.00734287
0.02625	0.04375	0.00801031
0.02875	0.04375	0.008555
0.03125	0.04375	0.00897926
0.03375	0.04375	0.00902029
0.03625	0.04375	0.00898474
0.03875	0.04375	0.00813275
0.04125	0.04375	0.00727065
0.04375	0.04375	0.00545912
0.04625	0.04375	0.00322713
0.04875	0.04375	0.00144096
0.05125	0.04375	-0.00144096
0.05375	0.04375	-0.00322713
0.05625	0.04375	-0.00545912
0.05875	0.04375	-0.00727065
0.06125	0.04375	-0.00813275
0.06375	0.04375	-0.00898474
0.06625	0.04375	-0.00902029
0.06875	0.04375	-0.00897926
0.07125	0.04375	-0.008555
0.07375	0.04375	-0.00801031
0.07625	0.04375	-0.00734287
0.07875	0.04375	-0.00659116
0.08125	0.04375	-0.00581988
0.08375	0.04375	-0.00501617
0.08625	0.04375	-0.00422207
0.08875	0.04375	-0.00342895
0.09125	0.04375	-0.0026473
0.09375	0.04375	-0.00187941
0.09625	0.04375	-0.00111499
0.09875	0.04375	-0.000365178
0.00125	0.04625	0.000386976
0.00375	0.04625	0.00117663
0.00625	0.04625	0.00198526
0.00875	0.04625	0.00280593
0.01125	0.04625	0.00365118
0.01375	0.04625	0.00452515
0.01625	0.04625	0.00541415
0.01875	0.04625	0.0063452
0.02125	0.04625	0.00725116
0.02375	0.04625	0.00820188
0.02625	0.04625	0.00904037
0.02875	0.04625	0.00989146
0.03125	0.04625	0.0104913
0.03375	0.04625	0.0109793
0.03625	0.04625	0.0110583
0.03875	0.04625	0.0106951
0.04125	0.04625	0.00984795
0.04375	0.04625	0.00797354
0.04625	0.04625	0.00566374
0.04875	0.04625	0.00220479
0.05125	0.04625	-0.00220479
0.05375	0.04625	-0.00566374
0.05625	0.04625	-0.00797354
0.05875	0.04625	-0.00984795
0.06125	0.04625	-0.0106951
0.06375	0.04625	-0.0110583
0.06625	0.04625	-0.0109793
0.06875	0.04625	-0.0104913
0.07125	0.04625	-0.00989146
0.07375	0.04625	-0.00904037
0.07625	0.04625	-0.00820188
0.07875	0.04625	-0.00725116
0.08125	0.04625	-0.0063452
0.08375	0.04625	-0.00541415
0.08625	0.04625	-0.00452515
0.08875	0.04625	-0.00365118
0.09125	0.04625	-0.00280593
0.09375	0.04625	-0.00198526
0.09625	0.04625	-0.00117663
0.09875	0.04625	-0.000386976
0.00125	0.04875	0.000401911
0.00375	0.04875	0.00122642
0.00625	0.04875	0.00207867
0.00875	0.04875	0.0029526
0.01125	0.04875	0.00386654
0.01375	0.04875	0.00483255
0.01625	0.04875	0.00583377
0.01875	0.04875	0.00691798
0.02125	0.04875	0.00799866
0.02375	0.04875	0.00917317
0.02625	0.04875	0.0102716
0.02875	0.04875	0.0113582
0.03125	0.04875	0.0123487
0.03375	0.04875	0.012825
0.03625	0.04875	0.0134984
0.03875	0.04875	0.012334
0.04125	0.04875	0.0120471
0.04375	0.04875	0.00855237
0.04625	0.04875	0.0046083
0.04875	0.04875	0.00278906
0.05125	0.04875	-0.00278906
0.05375	0.04875	-0.0046083
0.05625	0.04875	-0.00855237
0.05875	0.04875	-0.0120471
0.06125	0.04875	-0.012334
0.06375	0.04875	-0.0134984
0.06625	0.04875	-0.012825
0.06875	0.04875	-0.0123487
0.07125	0.04875	-0.0113582
0.07375	0.04875	-0.0102716
0.07625	0.04875	-0.00917317
0.07875	0.04875	-0.00799866
0.08125	0.04875	-0.00691798
0.08375	0.04875	-0.00583377
0.08625	0.04875	-0.00483255
0.08875	0.04875	-0.00386654
0.09125	0.04875	-0.0029526
0.09375	0.04875	-0.00207867
0.09625	0.04875	-0.00122642
0.09875	0.04875	-0.000401911
0.00125	0.05125	0.000413033
0.00375	0.05125	0.00125806
0.00625	0.05125	0.00213756
0.00875	0.05125	0.00304826
0.01125	0.05125	0.00401342
0.01375	0.05125	0.00505314
0.01625	0.05125	0.00614649
0.01875	0.05125	0.00737299
0.02125	0.05125	0.00860072
0.02375	0.05125	0.0100462
0.02625	0.05125	0.0113401
0.02875	0.05125	0.0129589
0.03125	0.05125	0.0141208
0.03375	0.05125	0.0156599
0.03625	0.05125	0.0163202
0.03875	0.05125	0.0169825
0.04125	0.05125	0.0166492
0.04375	0.05125	0.0143608
0.04625	0.05125	0.0123255
0.04875	0.05125	0.00537261
0.05125	0.05125	-0.00537261
0.05375	0.05125	-0.0123255
0.05625	0.05125	-0.0143608
0.05875	0.05125	-0.0166492
0.06125	0.05125	-0.0169825
0.06375	0.05125	-0.0163202
0.06625	0.05125	-0.0156599
0.06875	0.05125	-0.0141208
0.07125	0.05125	-0.0129589
0.07375	0.05125	-0.0113401
0.07625	0.05125	-0.0100462
0.07875	0.05125	-0.00860072
0.08125	0.05125	-0.00737299
0.08375	0.05125	-0.00614649
0.08625	0.05125	-0.00505314
0.08875	0.05125	-0.00401342
0.09125	0.05125	-0.00304826
0.09375	0.05125	-0.00213756
0.09625	0.05125	-0.00125806
0.09875	0.05125	-0.000413033
0.00125	0.05375	0.000415717
0.00375	0.05375	0.00126866
0.00625	0.05375	0.00216585
0.00875	0.05375	0.00310685
0.01125	0.05375	0.00412237
0.01375	0.05375	0.00524478
0.01625	0.05375	0.00645079
0.01875	0.05375	0.0078577
0.02125	0.05375	0.0093005
0.02375	0.05375	0.0110783
0.02625	0.05375	0.0127547
0.02875	0.05375	0.0148393
0.03125	0.05375	0.0167295
0.03375	0.05375	0.0184239
0.03625	0.05375	0.0207778
0.03875	0.05375	0.019459
0.04125	0.05375	0.0228543
0.04375	0.05375	0.0133184
0.04625	0.05375	0.00500895
0.04875	0.05375	0.00605096
0.05125	0.05375	-0.00605096
0.05375	0.05375	-0.00500895
0.05625	0.05375	-0.0133184
0.05875	0.05375	-0.0228543
0.06125	0.05375	-0.019459
0.06375	0.05375	-0.0207778
0.06625	0.05375	-0.0184239
0.06875	0.05375	-0.0167295
0.07125	0.05375	-0.0148393
0.07375	0.05375	-0.0127547
0.07625	0.05375	-0.0110783
0.07875	0.05375	-0.0093005
0.08125	0.05375	-0.0078577
0.08375	0.05375	-0.00645079
0.08625	0.05375	-0.00524478
0.08875	0.05375	-0.00412237
0.09125	0.05375	-0.00310685
0.09375	0.05375	-0.00216585
0.09625	0.05375	-0.00126866
0.09875	0.05375	-0.000415717
0.00125	0.05625	0.000408949
0.00375	0.05625	0.00124694
0.00625	0.05625	0.00213591
0.00875	0.05625	0.00307818
0.01125	0.05625	0.00410955
0.01375	0.05625	0.00527163
0.01625	0.05625	0.00653617
0.01875	0.05625	0.00805935
0.02125	0.05625	0.00961981
0.02375	0.05625	0.011678
0.02625	0.05625	0.013512
0.02875	0.05625	0.0163057
0.03125	0.05625	0.0181865
0.03375	0.05625	0.0218929
0.03625	0.05625	0.0232431
0.03875	0.05625	0.0275426
0.04125	0.05625	0.0280633
0.04375	0.05625	0.0274428
0.04625	0.05625	0.0338692
0.04875	0.05625	0.0175367
0.05125	0.05625	-0.0175367
0.05375	0.05625	-0.0338692
0.05625	0.05625	-0.0274428
0.05875	0.05625	-0.0280633
0.06125	0.05625	-0.0275426
0.06375	0.05625	-0.0232431
0.06625	0.05625	-0.0218929
0.06875	0.05625	-0.0181865
0.07125	0.05625	-0.0163057
0.07375	0.05625	-0.013512
0.07625	0.05625	-0.011678
0.07875	0.05625	-0.00961981
0.08125	0.05625	-0.00805935
0.08375	0.05625	-0.00653617
0.08625	0.05625	-0.00527163
0.08875	0.05625	-0.00410955
0.09125	0.05625	-0.00307818
0.09375	0.05625	-0.00213591
0.09625	0.05625	-0.00124694
0.09875	0.05625	-0.000408949
0.00125	0.05875	0.000388619
0.00375	0.05875	0.00118613
0.00625	0.05875	0.0020441
0.00875	0.05875	0.00296551
0.01125	0.05875	0.00400036
0.01375	0.05875	0.00519398
0.01625	0.05875	0.00653772
0.01875	0.05875	0.00821389
0.02125	0.05875	0.00999435
0.02375	0.05875	0.0124732
0.02625	0.05875	0.0147528
0.02875	0.05875	0.01848
0.03125	0.05875	0.021212
0.03375	0.05875	0.0263107
0.03625	0.05875	0.0305776
0.03875	0.05875	0.0329516
0.04125	0.05875	0.0545184
0.04375	0.05875	0.0182822
0.04625	0.05875	-0.00570087
0.04875	0.05875	0.0134885
0.05125	0.05875	-0.0134885
0.05375	0.05875	0.00570087
0.05625	0.05875	-0.0182822
0.05875	0.05875	-0.0545184
0.06125	0.05875	-0.0329516
0.06375	0.05875	-0.0305776
0.06625	0.05875	-0.0263107
0.06875	0.05875	-0.021212
0.07125	0.05875	-0.01848
0.07375	0.05875	-0.0147528
0.07625	0.05875	-0.0124732
0.07875	0.05875	-0.00999435
0.08125	0.05875	-0.00821389
0.08375	0.05875	-0.00653772
0.08625	0.05875	-0.00519398
0.08875	0.05875	-0.00400036
0.09125	0.05875	-0.00296551
0.09375	0.05875	-0.0020441
0.09625	0.05875	-0.00118613
0.09875	0.05875	-0.000388619
0.00125	0.06125	0.000356516
0.00375	0.06125	0.00108921
0.00625	0.06125	0.00188413
0.00875	0.06125	0.00275318
0.01125	0.06125	0.00373991
0.01375	0.06125	0.0049116
0.01625	0.06125	0.00623413
0.01875	0.06125	0.00794506
0.02125	0.06125	0.0097492
0.02375	0.06125	0.0123559
0.02625	0.06125	0.0147283
0.02875	0.06125	0.0188027
0.03125	0.06125	0.0215206
0.03375	0.06125	0.0283485
0.03625	0.06125	0.0297132
0.03875	0.06125	0.044752
0.04125	0.06125	0.0354982
0.04375	0.06125	0.0493807
0.04625	0.06125	0.0031797
0.04875	0.06125	0.00156403
0.05125	0.06125	-0.00156403
0.05375	0.06125	-0.0031797
0.05625	0.06125	-0.0493807
0.05875	0.06125	-0.0354982
0.06125	0.06125	-0.044752
0.06375	0.06125	-0.0297132
0.06625	0.06125	-0.0283485
0.06875	0.06125	-0.0215206
0.07125	0.06125	-0.0188027
0.07375	0.06125	-0.0147283
0.07625	0.06125	-0.0123559
0.07875	0.06125	-0.0097492
0.08125	0.06125	-0.00794506
0.08375	0.06125	-0.00623413
0.08625	0.06125	-0.0049116
0.08875	0.06125	-0.00373991
0.09125	0.06125	-0.00275318
0.09375	0.06125	-0.00188413
0.09625	0.06125	-0.00108921
0.09875	0.06125	-0.000356516
0.00125	0.06375	0.000302925
0.00375	0.06375	0.000925268
0.00625	0.06375	0.00161651
0.00875	0.06375	0.0023777
0.01125	0.06375	0.00328592
0.01375	0.06375	0.00436297
0.01625	0.06375	0.00568652
0.01875	0.06375	0.0073629
0.02125	0.06375	0.00936313
0.02375	0.06375	0.0121952
0.02625	0.06375	0.0150428
0.02875	0.06375	0.0204216
0.03125	0.06375	0.0229085
0.03375	0.06375	0.0353347
0.03625	0.06375	0.0268138
0.03875	0.06375	0.0642
0.04125	0.06375	0.00524121
0.04375	0.06375	0.0215574
0.04625	0.06375	0.00157275
0.04875	0.06375	0.000797285
0.05125	0.06375	-0.000797285
0.05375	0.06375	-0.00157275
0.05625	0.06375	-0.0215574
0.05875	0.06375	-0.00524121
0.06125	0.06375	-0.0642
0.06375	0.06375	-0.0268138
0.06625	0.06375	-0.0353347
0.06875	0.06375	-0.0229085
0.07125	0.06375	-0.0204216
0.07375	0.06375	-0.0150428
0.07625	0.06375	-0.0121952
0.07875	0.06375	-0.00936313
0.08125	0.06375	-0.0073629
0.08375	0.06375	-0.00568652
0.08625	0.06375	-0.00436297
0.08875	0.06375	-0.00328592
0.09125	0.06375	-0.0023777
0.09375	0.06375	-0.00161651
0.09625	0.06375	-0.000925268
0.09875	0.06375	-0.000302925
0.00125	0.06625	0.000240742
0.00375	0.06625	0.000742219
0.00625	0.06625	0.00130088
0.00875	0.06625	0.00195079
0.01125	0.06625	0.00271695
0.01375	0.06625	0.00371367
0.01625	0.06625	0.0048648
0.01875	0.06625	0.00652437
0.02125	0.06625	0.00829712
0.02375	0.06625	0.0111148
0.02625	0.06625	0.0138758
0.02875	0.06625	0.0183633
0.03125	0.06625	0.0229954
0.03375	0.06625	0.0281927
0.03625	0.06625	0.0382323
0.03875	0.06625	0.0382771
0.04125	0.06625	0.00226751
0.04375	0.06625	5.60353e-05
0.04625	0.06625	-0.00124555
0.04875	0.06625	0.000263997
0.05125	0.06625	-0.000263997
0.05375	0.06625	0.00124555
0.05625	0.06625	-5.60353e-05
0.05875	0.06625	-0.00226751
0.06125	0.06625	-0.0382771
0.06375	0.06625	-0.0382323
0.06625	0.06625	-0.0281927
0.06875	0.06625	-0.0229954
0.07125	0.06625	-0.0183633
0.07375	0.06625	-0.0138758
0.07625	0.06625	-0.0111148
0.07875	0.06625	-0.00829712
0.08125	0.06625	-0.00652437
0.08375	0.06625	-0.0048648
0.08625	0.06625	-0.00371367
0.08875	0.06625	-0.00271695
0.09125	0.06625	-0.00195079
0.09375	0.06625	-0.00130088
0.09625	0.06625	-0.000742219
0.09875	0.06625	-0.000240742
0.00125	0.06875	0.000148457
0.00375	0.06875	0.000458443
0.00625	0.06875	0.000825454
0.00875	0.06875	0.00125168
0.01125	0.06875	0.00182497
0.01375	0.06875	0.00251027
0.01625	0.06875	0.00353598
0.01875	0.06875	0.00467984
0.02125	0.06875	0.00669582
0.02375	0.06875	0.0085798
0.02625	0.06875	0.0130609
0.02875	0.06875	0.0160381
0.03125	0.06875	0.0279851
0.03375	0.06875	0.0322083
0.03625	0.06875	0.0714601
0.03875	0.06875	0.000895684
0.04125	0.06875	1.64446e-05
0.04375	0.06875	0.000229813
0.04625	0.06875	0.000339745
0.04875	0.06875	0.000143377
0.05125	0.06875	-0.000143377
0.05375	0.06875	-0.000339745
0.05625	0.06875	-0.000229813
0.05875	0.06875	-1.64446e-05
0.06125	0.06875	-0.000895684
0.06375	0.06875	-0.0714601
0.06625	0.06875	-0.0322083
0.06875	0.06875	-0.0279851
0.07125	0.06875	-0.0160381
0.07375	0.06875	-0.0130609
0.07625	0.06875	-0.0085798
0.07875	0.06875	-0.00669582
0.08125	0.06875	-0.00467984
0.08375	0.06875	-0.00353598
0.08625	0.06875	-0.00251027
0.08875	0.06875	-0.00182497
0.09125	0.06875	-0.00125168
0.09375	0.06875	-0.000825454
0.09625	0.06875	-0.000458443
0.09875	0.06875	-0.000148457
0.00125	0.07125	5.79075e-05
0.00375	0.07125	0.000195474
0.00625	0.07125	0.000359946
0.00875	0.07125	0.000625333
0.01125	0.07125	0.000948359
0.01375	0.07125	0.00153962
0.01625	0.07125	0.00215726
0.01875	0.07125	0.00347433
0.02125	0.07125	0.00454605
0.02375	0.07125	0.00748821
0.02625	0.07125	0.00913079
0.02875	0.07125	0.0156826
0.03125	0.07125	0.0177062
0.03375	0.07125	0.0313575
0.03625	0.07125	0.039038
0.03875	0.07125	0.000359649
0.04125	0.07125	0.000105018
0.04375	0.07125	6.65498e-05
0.04625	0.07125	-0.000266846
0.04875	0.07125	0.00013083
0.05125	0.07125	-0.00013083
0.05375	0.07125	0.000266846
0.05625	0.07125	-6.65498e-05
0.05875	0.07125	-0.000105018
0.06125	0.07125	-0.000359649
0.06375	0.07125	-0.039038
0.06625	0.07125	-0.0313575
0.06875	0.07125	-0.0177062
0.07125	0.07125	-0.0156826
0.07375	0.07125	-0.00913079
0.07625	0.07125	-0.00748821
0.07875	0.07125	-0.00454605
0.08125	0.07125	-0.00347433
0.08375	0.07125	-0.00215726
0.08625	0.07125	-0.00153962
0.08875	0.07125	-0.000948359
0.09125	0.07125	-0.000625333
0.09375	0.07125	-0.000359946
0.09625	0.07125	-0.000195474
0.09875	0.07125	-5.79075e-05
0.00125	0.07375	-6.82657e-05
0.00375	0.07375	-0.000189496
0.00625	0.07375	-0.000297521
0.00875	0.07375	-0.000358612
0.01125	0.07375	-0.000362505
0.01375	0.07375	-0.000300118
0.01625	0.07375	-7.24298e-05
0.01875	0.07375	0.000152592
0.02125	0.07375	0.000868576
0.02375	0.07375	0.00111543
0.02625	0.07375	0.00281453
0.02875	0.07375	0.00208162
0.03125	0.07375	0.00526941
0.03375	0.07375	-0.00122284
0.03625	0.07375	-0.000100754
0.03875	0.07375	2.94763e-05
0.04125	0.07375	-4.72222e-05
0.04375	0.07375	8.43242e-05
0.04625	0.07375	0.00013228
0.04875	0.07375	8.96334e-06
0.05125	0.07375	-8.96334e-06
0.05375	0.07375	-0.00013228
0.05625	0.07375	-8.43242e-05
0.05875	0.07375	4.72222e-05
0.06125	0.07375	-2.94763e-05
0.06375	0.07375	0.000100754
0.06625	0.07375	0.00122284
0.06875	0.07375	-0.00526941
0.07125	0.07375	-0.00208162
0.07375	0.07375	-0.00281453
0.07625	0.07375	-0.00111543
0.07875	0.07375	-0.000868576
0.08125	0.07375	-0.000152592
0.08375	0.07375	7.24298e-05
0.08625	0.07375	0.000300118
0.08875	0.07375	0.000362505
0.09125	0.07375	0.000358612
0.09375	0.07375	0.000297521
0.09625	0.07375	0.000189496
0.09875	0.07375	6.82657e-05
0.00125	0.07625	-0.000176155
0.00375	0.07625	-0.000511937
0.00625	0.07625	-0.000866271
0.00875	0.07625	-0.00114253
0.01125	0.07625	-0.00144782
0.01375	0.07625	-0.00155111
0.01625	0.07625	-0.00177681
0.01875	0.07625	-0.00140248
0.02125	0.07625	-0.00156872
0.02375	0.07625	0.000291598
0.02625	0.07625	-9.79787e-05
0.02875	0.07625	0.00702974
0.03125	0.07625	0.00510434
0.03375	0.07625	0.0325779
0.03625	0.07625	0.00308802
0.03875	0.07625	-8.85305e-06
0.04125	0.07625	0.00014134
0.04375	0.07625	-5.82287e-05
0.04625	0.07625	-0.000157962
0.04875	0.07625	2.16287e-05
0.05125	0.07625	-2.16287e-05
0.05375	0.07625	0.000157962
0.05625	0.07625	5.82287e-05
0.05875	0.07625	-0.00014134
0.06125	0.07625	8.85305e-06
0.06375	0.07625	-0.00308802
0.06625	0.07625	-0.0325779
0.06875	0.07625	-0.00510434
0.07125	0.07625	-0.00702974
0.07375	0.07625	9.79787e-05
0.07625	0.07625	-0.000291598
0.07875	0.07625	0.00156872
0.08125	0.07625	0.00140248
0.08375	0.07625	0.00177681
0.08625	0.07625	0.00155111
0.08875	0.07625	0.00144782
0.09125	0.07625	0.00114253
0.09375	0.07625	0.000866271
0.09625	0.07625	0.000511937
0.09875	0.07625	0.000176155
0.00125	0.07875	-0.000318845
0.00375	0.07875	-0.000936064
0.00625	0.07875	-0.00159819
0.00875	0.07875	-0.00222343
0.01125	0.07875	-0.00292546
0.01375	0.07875	-0.00357101
0.01625	0.07875	-0.00435345
0.01875	0.07875	-0.00504516
0.02125	0.07875	-0.00598199
0.02375	0.07875	-0.00672697
0.02625	0.07875	-0.00801907
0.02875	0.07875	-0.00836905
0.03125	0.07875	-0.0108631
0.03375	0.07875	-0.00680869
0.03625	0.07875	-0.0162888
0.03875	0.07875	-8.10916e-05
0.04125	0.07875	-0.000148131
0.04375	0.07875	0.000100329
0.04625	0.07875	0.000342109
0.04875	0.07875	-9.73336e-05
0.05125	0.07875	9.73336e-05
0.05375	0.07875	-0.000342109
0.05625	0.07875	-0.000100329
0.05875	0.07875	0.000148131
0.06125	0.07875	8.10916e-05
0.06375	0.07875	0.0162888
0.06625	0.07875	0.00680869
0.06875	0.07875	0.0108631
0.07125	0.07875	0.00836905
0.07375	0.07875	0.00801907
0.07625	0.07875	0.00672697
0.07875	0.07875	0.00598199
0.08125	0.07875	0.00504516
0.08375	0.07875	0.00435345
0.08625	0.07875	0.00357101
0.08875	0.07875	0.00292546
0.09125	0.07875	0.00222343
0.09375	0.07875	0.00159819
0.09625	0.07875	0.000936064
0.09875	0.07875	0.000318845
0.00125	0.08125	-0.000426451
0.00375	0.08125	-0.00128212
0.00625	0.08125	-0.00219618
0.00875	0.08125	-0.00309927
0.01125	0.08125	-0.00408994
0.01375	0.08125	-0.00511955
0.01625	0.08125	-0.00625717
0.01875	0.08125	-0.00763022
0.02125	0.08125	-0.00901084
0.02375	0.08125	-0.0114782
0.02625	0.08125	-0.0131941
0.02875	0.08125	-0.0197639
0.03125	0.08125	-0.0215585
0.03375	0.08125	-0.0452877
0.03625	0.08125	-0.024923
0.03875	0.08125	0.00126664
0.04125	0.08125	0.000300754
0.04375	0.08125	-0.000365676
0.04625	0.08125	-0.000614194
0.04875	0.08125	-9.36008e-05
0.05125	0.08125	9.36008e-05
0.05375	0.08125	0.000614194
0.05625	0.08125	0.000365676
0.05875	0.08125	-0.000300754
0.06125	0.08125	-0.00126664
0.06375	0.08125	0.024923
0.06625	0.08125	0.0452877
0.06875	0.08125	0.0215585
0.07125	0.08125	0.0197639
0.07375	0.08125	0.0131941
0.07625	0.08125	0.0114782
0.07875	0.08125	0.00901084
0.08125	0.08125	0.00763022
0.08375	0.08125	0.00625717
0.08625	0.08125	0.00511955
0.08875	0.08125	0.00408994
0.09125	0.08125	0.00309927
0.09375	0.08125	0.00219618
0.09625	0.08125	0.00128212
0.09875	0.08125	0.000426451
0.00125	0.08375	-0.000563645
0.00375	0.08375	-0.0016699
0.00625	0.08375	-0.00286665
0.00875	0.08375	-0.00404791
0.01125	0.08375	-0.00541106
0.01375	0.08375	-0.006758
0.01625	0.08375	-0.00846044
0.01875	0.08375	-0.0101132
0.02125	0.08375	-0.0124511
0.02375	0.08375	-0.0146887
0.02625	0.08375	-0.0181673
0.02875	0.08375	-0.0217951
0.03125	0.08375	-0.0269391
0.03375	0.08375	-0.0354359
0.03625	0.08375	-0.037706
0.03875	0.08375	-0.0151642
0.04125	0.08375	-0.00147466
0.04375	0.08375	0.000596894
0.04625	0.08375	0.00152631
0.04875	0.08375	-0.000245529
0.05125	0.08375	0.000245529
0.05375	0.08375	-0.00152631
0.05625	0.08375	-0.000596894
0.05875	0.08375	0.00147466
0.06125	0.08375	0.0151642
0.06375	0.08375	0.037706
0.06625	0.08375	0.0354359
0.06875	0.08375	0.0269391
0.07125	0.08375	0.0217951
0.07375	0.08375	0.0181673
0.07625	0.08375	0.0146887
0.07875	0.08375	0.0124511
0.08125	0.08375	0.0101132
0.08375	0.08375	0.00846044
0.08625	0.08375	0.006758
0.08875	0.08375	0.00541106
0.09125	0.08375	0.00404791
0.09375	0.08375	0.00286665
0.09625	0.08375	0.0016699
0.09875	0.08375	0.000563645
0.00125	0.08625	-0.000650737
0.00375	0.08625	-0.00197622
0.00625	0.08625	-0.00339213
0.00875	0.08625	-0.00484195
0.01125	0.08625	-0.00643513
0.01375	0.08625	-0.00818804
0.01625	0.08625	-0.0101143
0.01875	0.08625	-0.0125241
0.02125	0.08625	-0.0150046
0.02375	0.08625	-0.0188476
0.02625	0.08625	-0.0222787
0.02875	0.08625	-0.0291595
0.03125	0.08625	-0.0345517
0.03375	0.08625	-0.0465226
0.03625	0.08625	-0.0560971
0.03875	0.08625	-0.0381985
0.04125	0.08625	-0.0043311
0.04375	0.08625	-0.00813901
0.04625	0.08625	-0.00116114
0.04875	0.08625	-0.000578798
0.05125	0.08625	0.000578798
0.05375	0.08625	0.00116114
0.05625	0.08625	0.00813901
0.05875	0.08625	0.0043311
0.06125	0.08625	0.0381985
0.06375	0.08625	0.0560971
0.06625	0.08625	0.0465226
0.06875	0.08625	0.0345517
0.07125	0.08625	0.0291595
0.07375	0.08625	0.0222787
0.07625	0.08625	0.0188476
0.07875	0.08625	0.0150046
0.08125	0.08625	0.0125241
0.08375	0.08625	0.0101143
0.08625	0.08625	0.00818804
0.08875	0.08625	0.00643513
0.09125	0.08625	0.00484195
0.09375	0.08625	0.00339213
0.09625	0.08625	0.00197622
0.09875	0.08625	0.000650737
0.00125	0.08875	-0.000766408
0.00375	0.08875	-0.00228258
0.00625	0.08875	-0.00390791
0.00875	0.08875	-0.00554779
0.01125	0.08875	-0.0074078
0.01375	0.08875	-0.00931506
0.01625	0.08875	-0.0116225
0.01875	0.08875	-0.0140022
0.02125	0.08875	-0.0170719
0.02375	0.08875	-0.020296
0.02625	0.08875	-0.024612
0.02875	0.08875	-0.0295591
0.03125	0.08875	-0.035878
0.03375	0.08875	-0.0448923
0.03625	0.08875	-0.0547609
0.03875	0.08875	-0.0657359
0.04125	0.08875	-0.0270867
0.04375	0.08875	-0.0200153
0.04625	0.08875	-0.00250005
0.04875	0.08875	-0.00135315
0.05125	0.08875	0.00135315
0.05375	0.08875	0.00250005
0.05625	0.08875	0.0200153
0.05875	0.08875	0.0270867
0.06125	0.08875	0.0657359
0.06375	0.08875	0.0547609
0.06625	0.08875	0.0448923
0.06875	0.08875	0.035878
0.07125	0.08875	0.0295591
0.07375	0.08875	0.024612
0.07625	0.08875	0.020296
0.07875	0.08875	0.0170719
0.08125	0.08875	0.0140022
0.08375	0.08875	0.0116225
0.08625	0.08875	0.00931506
0.08875	0.08875	0.0074078
0.09125	0.08875	0.00554779
0.09375	0.08875	0.00390791
0.09625	0.08875	0.00228258
0.09875	0.08875	0.000766408
0.00125	0.09125	-0.000816545
0.00375	0.09125	-0.00249136
0.00625	0.09125	-0.00427671
0.00875	0.09125	-0.00610782
0.01125	0.09125	-0.00811803
0.01375	0.09125	-0.010296
0.01625	0.09125	-0.01271
0.01875	0.09125	-0.0155225
0.02125	0.09125	-0.0185446
0.02375	0.09125	-0.0224404
0.02625	0.09125	-0.0263208
0.02875	0.09125	-0.0318929
0.03125	0.09125	-0.0369818
0.03375	0.09125	-0.0445869
0.03625	0.09125	-0.0512591
0.03875	0.09125	-0.0600751
0.04125	0.09125	-0.0587248
0.04375	0.09125	-0.0371167
0.04625	0.09125	-0.0112554
0.04875	0.09125	-0.00565901
0.05125	0.09125	0.00565901
0.05375	0.09125	0.0112554
0.05625	0.09125	0.0371167
0.05875	0.09125	0.0587248
0.06125	0.09125	0.0600751
0.06375	0.09125	0.0512591
0.06625	0.09125	0.0445869
0.06875	0.09125	0.0369818
0.07125	0.09125	0.0318929
0.07375	0.09125	0.0263208
0.07625	0.09125	0.0224404
0.07875	0.09125	0.0185446
0.08125	0.09125	0.0155225
0.08375	0.09125	0.01271
0.08625	0.09125	0.010296
0.08875	0.09125	0.00811803
0.09125	0.09125	0.00610782
0.09375	0.09125	0.00427671
0.09625	0.09125	0.00249136
0.09875	0.09125	0.000816545
0.00125	0.09375	-0.000903891
0.00375	0.09375	-0.00269892
0.00625	0.09375	-0.00460171
0.00875	0.09375	-0.00654389
0.01125	0.09375	-0.00869952
0.01375	0.09375	-0.0109472
0.01625	0.09375	-0.0135426
0.01875	0.09375	-0.0162805
0.02125	0.09375	-0.0195187
0.02375	0.09375	-0.0229704
0.02625	0.09375	-0.0270207
0.02875	0.09375	-0.0314423
0.03125	0.09375	-0.0362836
0.03375	0.09375	-0.0417487
0.03625	0.09375	-0.0468485
0.03875	0.09375	-0.0516834
0.04125	0.09375	-0.0550605
0.04375	0.09375	-0.0470182
0.04625	0.09375	-0.030581
0.04875	0.09375	-0.0125295
0.05125	0.09375	0.0125295
0.05375	0.09375	0.030581
0.05625	0.09375	0.0470182
0.05875	0.09375	0.0550605
0.06125	0.09375	0.0516834
0.06375	0.09375	0.0468485
0.06625	0.09375	0.0417487
0.06875	0.09375	0.0362836
0.07125	0.09375	0.0314423
0.07375	0.09375	0.0270207
0.07625	0.09375	0.0229704
0.07875	0.09375	0.0195187
0.08125	0.09375	0.0162805
0.08375	0.09375	0.0135426
0.08625	0.09375	0.0109472
0.08875	0.09375	0.00869952
0.09125	0.09375	0.00654389
0.09375	0.09375	0.00460171
0.09625	0.09375	0.00269892
0.09875	0.09375	0.000903891
0.00125	0.09625	-0.000911995
0.00375	0.09625	-0.0027841
0.00625	0.09625	-0.00477508
0.00875	0.09625	-0.00680779
0.01125	0.09625	-0.00903303
0.01375	0.09625	-0.0113971
0.01625	0.09625	-0.0140251
0.01875	0.09625	-0.0169148
0.02125	0.09625	-0.0200796
0.02375	0.09625	-0.0236717
0.02625	0.09625	-0.0273952
0.02875	0.09625	-0.031661
0.03125	0.09625	-0.0356544
0.03375	0.09625	-0.0398099
0.03625	0.09625	-0.0429532
0.03875	0.09625	-0.044276
0.04125	0.09625	-0.0432049
0.04375	0.09625	-0.0348836
0.04625	0.09625	-0.0263708
0.04875	0.09625	-0.0123483
0.05125	0.09625	0.0123483
0.05375	0.09625	0.0263708
0.05625	0.09625	0.0348836
0.05875	0.09625	0.0432049
0.06125	0.09625	0.044276
0.06375	0.09625	0.0429532
0.06625	0.09625	0.0398099
0.06875	0.09625	0.0356544
0.07125	0.09625	0.031661
0.07375	0.09625	0.0273952
0.07625	0.09625	0.0236717
0.07875	0.09625	0.0200796
0.08125	0.09625	0.0169148
0.08375	0.09625	0.0140251
0.08625	0.09625	0.0113971
0.08875	0.09625	0.00903303
0.09125	0.09625	0.00680779
0.09375	0.09625	0.00477508
0.09625	0.09625	0.0027841
0.09875	0.09625	0.000911995
0.00125	0.09875	-0.000944392
0.00375	0.09875	-0.0028314
0.00625	0.09875	-0.0048209
0.00875	0.09875	-0.00686092
0.01125	0.09875	-0.00909698
0.01375	0.09875	-0.0114479
0.01625	0.09875	-0.014087
0.01875	0.09875	-0.0169067
0.02125	0.09875	-0.0200682
0.02375	0.09875	-0.0234647
0.02625	0.09875	-0.0271245
0.02875	0.09875	-0.0309856
0.03125	0.09875	-0.0347329
0.03375	0.09875	-0.0382661
0.03625	0.09875	-0.0408324
0.03875	0.09875	-0.0415851
0.04125	0.09875	-0.0401284
0.04375	0.09875	-0.0330847
0.04625	0.09875	-0.0228527
0.04875	0.09875	-0.00936295
0.05125	0.09875	0.00936295
0.05375	0.09875	0.0228527
0.05625	0.09875	0.0330847
0.05875	0.09875	0.0401284
0.06125	0.09875	0.0415851
0.06375	0.09875	0.0408324
0.06625	0.09875	0.0382661
0.06875	0.09875	0.0347329
0.07125	0.09875	0.0309856
0.07375	0.09875	0.0271245
0.07625	0.09875	0.0234647
0.07875	0.09875	0.0200682
0.08125	0.09875	0.0169067
0.08375	0.09875	0.014087
0.08625	0.09875	0.0114479
0.08875	0.09875	0.00909698
0.09125	0.09875	0.00686092
0.09375	0.09875	0.0048209
0.09625	0.09875	0.0028314
0.09875	0.09875	0.000944392
