0.00125	0.00125	0.998121
0.00375	0.00125	0.998119
0.00625	0.00125	0.998119
0.00875	0.00125	0.998119
0.01125	0.00125	0.998119
0.01375	0.00125	0.998118
0.01625	0.00125	0.998118
0.01875	0.00125	0.998118
0.02125	0.00125	0.998117
0.02375	0.00125	0.998117
0.02625	0.00125	0.998117
0.02875	0.00125	0.998117
0.03125	0.00125	0.998117
0.03375	0.00125	0.998117
0.03625	0.00125	0.998118
0.03875	0.00125	0.998118
0.04125	0.00125	0.998119
0.04375	0.00125	0.998119
0.04625	0.00125	0.99812
0.04875	0.00125	0.99812
0.05125	0.00125	0.99812
0.05375	0.00125	0.99812
0.05625	0.00125	0.998119
0.05875	0.00125	0.998119
0.06125	0.00125	0.998118
0.06375	0.00125	0.998118
0.06625	0.00125	0.998117
0.06875	0.00125	0.998117
0.07125	0.00125	0.998117
0.07375	0.00125	0.998117
0.07625	0.00125	0.998117
0.07875	0.00125	0.998117
0.08125	0.00125	0.998118
0.08375	0.00125	0.998118
0.08625	0.00125	0.998118
0.08875	0.00125	0.998119
0.09125	0.00125	0.998119
0.09375	0.00125	0.998119
0.09625	0.00125	0.998119
0.09875	0.00125	0.998121
0.00125	0.00375	1.00297
0.00375	0.00375	1.00297
0.00625	0.00375	1.00297
0.00875	0.00375	1.00297
0.01125	0.00375	1.00297
0.01375	0.00375	1.00297
0.01625	0.00375	1.00297
0.01875	0.00375	1.00297
0.02125	0.00375	1.00297
0.02375	0.00375	1.00297
0.02625	0.00375	1.00297
0.02875	0.00375	1.00297
0.03125	0.00375	1.00297
0.03375	0.00375	1.00297
0.03625	0.00375	1.00297
0.03875	0.00375	1.00297
0.04125	0.00375	1.00297
0.04375	0.00375	1.00297
0.04625	0.00375	1.00297
0.04875	0.00375	1.00297
0.05125	0.00375	1.00297
0.05375	0.00375	1.00297
0.05625	0.00375	1.00297
0.05875	0.00375	1.00297
0.06125	0.00375	1.00297
0.06375	0.00375	1.00297
0.06625	0.00375	1.00297
0.06875	0.00375	1.00297
0.07125	0.00375	1.00297
0.07375	0.00375	1.00297
0.07625	0.00375	1.00297
0.07875	0.00375	1.00297
0.08125	0.00375	1.00297
0.08375	0.00375	1.00297
0.08625	0.00375	1.00297
0.08875	0.00375	1.00297
0.09125	0.00375	1.00297
0.09375	0.00375	1.00297
0.09625	0.00375	1.00297
0.09875	0.00375	1.00297
0.00125	0.00625	0.998558
0.00375	0.00625	0.998556
0.00625	0.00625	0.998556
0.00875	0.00625	0.998555
0.01125	0.00625	0.998555
0.01375	0.00625	0.998554
0.01625	0.00625	0.998554
0.01875	0.00625	0.998554
0.02125	0.00625	0.998553
0.02375	0.00625	0.998553
0.02625	0.00625	0.998553
0.02875	0.00625	0.998553
0.03125	0.00625	0.998553
0.03375	0.00625	0.998553
0.03625	0.00625	0.998554
0.03875	0.00625	0.998554
0.04125	0.00625	0.998554
0.04375	0.00625	0.998555
0.04625	0.00625	0.998556
0.04875	0.00625	0.998556
0.05125	0.00625	0.998556
0.05375	0.00625	0.998556
0.05625	0.00625	0.998555
0.05875	0.00625	0.998554
0.06125	0.00625	0.998554
0.06375	0.00625	0.998554
0.06625	0.00625	0.998553
0.06875	0.00625	0.998553
0.07125	0.00625	0.998553
0.07375	0.00625	0.998553
0.07625	0.00625	0.998553
0.07875	0.00625	0.998553
0.08125	0.00625	0.998554
0.08375	0.00625	0.998554
0.08625	0.00625	0.998554
0.08875	0.00625	0.998555
0.09125	0.00625	0.998555
0.09375	0.00625	0.998556
0.09625	0.00625	0.998556
0.09875	0.00625	0.998558
0.00125	0.00875	0.999985
0.00375	0.00875	0.999984
0.00625	0.00875	0.999983
0.00875	0.00875	0.999983
0.01125	0.00875	0.999982
0.01375	0.00875	0.999982
0.01625	0.00875	0.999981
0.01875	0.00875	0.999981
0.02125	0.00875	0.999981
0.02375	0.00875	0.99998
0.02625	0.00875	0.99998
0.02875	0.00875	0.99998
0.03125	0.00875	0.999981
0.03375	0.00875	0.999981
0.03625	0.00875	0.999981
0.03875	0.00875	0.999982
0.04125	0.00875	0.999982
0.04375	0.00875	0.999983
0.04625	0.00875	0.999983
0.04875	0.00875	0.999984
0.05125	0.00875	0.999984
0.05375	0.00875	0.999983
0.05625	0.00875	0.999983
0.05875	0.00875	0.999982
0.06125	0.00875	0.999982
0.06375	0.00875	0.999981
0.06625	0.00875	0.999981
0.06875	0.00875	0.999981
0.07125	0.00875	0.99998
0.07375	0.00875	0.99998
0.07625	0.00875	0.99998
0.07875	0.00875	0.999981
0.08125	0.00875	0.999981
0.08375	0.00875	0.999981
0.08625	0.00875	0.999982
0.08875	0.00875	0.999982
0.09125	0.00875	0.999983
0.09375	0.00875	0.999983
0.09625	0.00875	0.999984
0.09875	0.00875	0.999985
0.00125	0.01125	1.00147
0.00375	0.01125	1.00147
0.00625	0.01125	1.00147
0.00875	0.01125	1.00147
0.01125	0.01125	1.00147
0.01375	0.01125	1.00146
0.01625	0.01125	1.00146
0.01875	0.01125	1.00146
0.02125	0.01125	1.00146
0.02375	0.01125	1.00146
0.02625	0.01125	1.00146
0.02875	0.01125	1.00146
0.03125	0.01125	1.00146
0.03375	0.01125	1.00146
0.03625	0.01125	1.00146
0.03875	0.01125	1.00146
0.04125	0.01125	1.00146
0.04375	0.01125	1.00147
0.04625	0.01125	1.00147
0.04875	0.01125	1.00147
0.05125	0.01125	1.00147
0.05375	0.01125	1.00147
0.05625	0.01125	1.00147
0.05875	0.01125	1.00146
0.06125	0.01125	1.00146
0.06375	0.01125	1.00146
0.06625	0.01125	1.00146
0.06875	0.01125	1.00146
0.07125	0.01125	1.00146
0.07375	0.01125	1.00146
0.07625	0.01125	1.00146
0.07875	0.01125	1.00146
0.08125	0.01125	1.00146
0.08375	0.01125	1.00146
0.08625	0.01125	1.00146
0.08875	0.01125	1.00147
0.09125	0.01125	1.00147
0.09375	0.01125	1.00147
0.09625	0.01125	1.00147
0.09875	0.01125	1.00147
0.00125	0.01375	0.997022
0.00375	0.01375	0.99702
0.00625	0.01375	0.99702
0.00875	0.01375	0.99702
0.01125	0.01375	0.997019
0.01375	0.01375	0.997019
0.01625	0.01375	0.997018
0.01875	0.01375	0.997018
0.02125	0.01375	0.997018
0.02375	0.01375	0.997017
0.02625	0.01375	0.997017
0.02875	0.01375	0.997017
0.03125	0.01375	0.997018
0.03375	0.01375	0.997018
0.03625	0.01375	0.997018
0.03875	0.01375	0.997019
0.04125	0.01375	0.997019
0.04375	0.01375	0.99702
0.04625	0.01375	0.997021
0.04875	0.01375	0.997022
0.05125	0.01375	0.997022
0.05375	0.01375	0.997021
0.05625	0.01375	0.99702
0.05875	0.01375	0.997019
0.06125	0.01375	0.997019
0.06375	0.01375	0.997018
0.06625	0.01375	0.997018
0.06875	0.01375	0.997018
0.07125	0.01375	0.997017
0.07375	0.01375	0.997017
0.07625	0.01375	0.997017
0.07875	0.01375	0.997018
0.08125	0.01375	0.997018
0.08375	0.01375	0.997018
0.08625	0.01375	0.997019
0.08875	0.01375	0.997019
0.09125	0.01375	0.99702
0.09375	0.01375	0.99702
0.09625	0.01375	0.99702
0.09875	0.01375	0.997022
0.00125	0.01625	1.00131
0.00375	0.01625	1.00132
0.00625	0.01625	1.00132
0.00875	0.01625	1.00131
0.01125	0.01625	1.00131
0.01375	0.01625	1.00131
0.01625	0.01625	1.00131
0.01875	0.01625	1.00131
0.02125	0.01625	1.0013
0.02375	0.01625	1.0013
0.02625	0.01625	1.0013
0.02875	0.01625	1.0013
0.03125	0.01625	1.0013
0.03375	0.01625	1.00129
0.03625	0.01625	1.00129
0.03875	0.01625	1.00129
0.04125	0.01625	1.00129
0.04375	0.01625	1.00129
0.04625	0.01625	1.00129
0.04875	0.01625	1.00129
0.05125	0.01625	1.00129
0.05375	0.01625	1.00129
0.05625	0.01625	1.00129
0.05875	0.01625	1.00129
0.06125	0.01625	1.00129
0.06375	0.01625	1.00129
0.06625	0.01625	1.00129
0.06875	0.01625	1.0013
0.07125	0.01625	1.0013
0.07375	0.01625	1.0013
0.07625	0.01625	1.0013
0.07875	0.01625	1.0013
0.08125	0.01625	1.00131
0.08375	0.01625	1.00131
0.08625	0.01625	1.00131
0.08875	0.01625	1.00131
0.09125	0.01625	1.00131
0.09375	0.01625	1.00132
0.09625	0.01625	1.00132
0.09875	0.01625	1.00131
0.00125	0.01875	0.000555249
0.00375	0.01875	0.00055426
0.00625	0.01875	0.000554698
0.00875	0.01875	0.000555171
0.01125	0.01875	0.000556206
0.01375	0.01875	0.000557377
0.01625	0.01875	0.000559008
0.01875	0.01875	0.000561052
0.02125	0.01875	0.000563225
0.02375	0.01875	0.000565813
0.02625	0.01875	0.00056861
0.02875	0.01875	0.000571379
0.03125	0.01875	0.000574427
0.03375	0.01875	0.000577479
0.03625	0.01875	0.000580259
0.03875	0.01875	0.000583031
0.04125	0.01875	0.000585302
0.04375	0.01875	0.000587143
0.04625	0.01875	0.000588434
0.04875	0.01875	0.000589122
0.05125	0.01875	0.000589122
0.05375	0.01875	0.000588434
0.05625	0.01875	0.000587143
0.05875	0.01875	0.000585302
0.06125	0.01875	0.000583031
0.06375	0.01875	0.000580259
0.06625	0.01875	0.000577479
0.06875	0.01875	0.000574427
0.07125	0.01875	0.000571379
0.07375	0.01875	0.00056861
0.07625	0.01875	0.000565813
0.07875	0.01875	0.000563225
0.08125	0.01875	0.000561052
0.08375	0.01875	0.000559008
0.08625	0.01875	0.000557377
0.08875	0.01875	0.000556206
0.09125	0.01875	0.000555171
0.09375	0.01875	0.000554698
0.09625	0.01875	0.00055426
0.09875	0.01875	0.000555249
0.00125	0.02125	0
0.00375	0.02125	0
0.00625	0.02125	0
0.00875	0.02125	0
0.01125	0.02125	0
0.01375	0.02125	0
0.01625	0.02125	0
0.01875	0.02125	0
0.02125	0.02125	0
0.02375	0.02125	0
0.02625	0.02125	0
0.02875	0.02125	0
0.03125	0.02125	0
0.03375	0.02125	0
0.03625	0.02125	0
0.03875	0.02125	0
0.04125	0.02125	0
0.04375	0.02125	0
0.04625	0.02125	0
0.04875	0.02125	0
0.05125	0.02125	0
0.05375	0.02125	0
0.05625	0.02125	0
0.05875	0.02125	0
0.06125	0.02125	0
0.06375	0.02125	0
0.06625	0.02125	0
0.06875	0.02125	0
0.07125	0.02125	0
0.07375	0.02125	0
0.07625	0.02125	0
0.07875	0.02125	0
0.08125	0.02125	0
0.08375	0.02125	0
0.08625	0.02125	0
0.08875	0.02125	0
0.09125	0.02125	0
0.09375	0.02125	0
0.09625	0.02125	0
0.09875	0.02125	0
0.00125	0.02375	3.17545e-112
0.00375	0.02375	8.48966e-108
0.00625	0.02375	8.42282e-104
0.00875	0.02375	5.04352e-100
0.01125	0.02375	1.95345e-96
0.01375	0.02375	4.83112e-93
0.01625	0.02375	6.99722e-90
0.01875	0.02375	4.95517e-87
0.02125	0.02375	9.24463e-85
0.02375	0.02375	5.0009e-88
0.02625	0.02375	2.01375e-91
0.02875	0.02375	6.96384e-95
0.03125	0.02375	2.11564e-98
0.03375	0.02375	5.56949e-102
0.03625	0.02375	1.28316e-105
0.03875	0.02375	2.57383e-109
0.04125	0.02375	4.26555e-113
0.04375	0.02375	5.41502e-117
0.04625	0.02375	4.62176e-121
0.04875	0.02375	1.9677e-125
0.05125	0.02375	1.9677e-125
0.05375	0.02375	4.62176e-121
0.05625	0.02375	5.41502e-117
0.05875	0.02375	4.26555e-113
0.06125	0.02375	2.57383e-109
0.06375	0.02375	1.28316e-105
0.06625	0.02375	5.56949e-102
0.06875	0.02375	2.11564e-98
0.07125	0.02375	6.96384e-95
0.07375	0.02375	2.01375e-91
0.07625	0.02375	5.0009e-88
0.07875	0.02375	9.24463e-85
0.08125	0.02375	4.95517e-87
0.08375	0.02375	6.99722e-90
0.08625	0.02375	4.83112e-93
0.08875	0.02375	1.95345e-96
0.09125	0.02375	5.04352e-100
0.09375	0.02375	8.42282e-104
0.09625	0.02375	8.48966e-108
0.09875	0.02375	3.17545e-112
0.00125	0.02625	2.33849e-108
0.00375	0.02625	6.14832e-104
0.00625	0.02625	6.0714e-100
0.00875	0.02625	3.65794e-96
0.01125	0.02625	1.44088e-92
0.01375	0.02625	3.67738e-89
0.01625	0.02625	5.58514e-86
0.01875	0.02625	4.25177e-83
0.02125	0.02625	8.7796e-81
0.02375	0.02625	2.73891e-84
0.02625	0.02625	8.63635e-88
0.02875	0.02625	2.68958e-91
0.03125	0.02625	8.08196e-95
0.03375	0.02625	2.27995e-98
0.03625	0.02625	5.84954e-102
0.03875	0.02625	1.31211e-105
0.04125	0.02625	2.44141e-109
0.04375	0.02625	3.49217e-113
0.04625	0.02625	3.3676e-117
0.04875	0.02625	1.62298e-121
0.05125	0.02625	1.62298e-121
0.05375	0.02625	3.3676e-117
0.05625	0.02625	3.49217e-113
0.05875	0.02625	2.44141e-109
0.06125	0.02625	1.31211e-105
0.06375	0.02625	5.84954e-102
0.06625	0.02625	2.27995e-98
0.06875	0.02625	8.08196e-95
0.07125	0.02625	2.68958e-91
0.07375	0.02625	8.63635e-88
0.07625	0.02625	2.73891e-84
0.07875	0.02625	8.7796e-81
0.08125	0.02625	4.25177e-83
0.08375	0.02625	5.58514e-86
0.08625	0.02625	3.67738e-89
0.08875	0.02625	1.44088e-92
0.09125	0.02625	3.65794e-96
0.09375	0.02625	6.0714e-100
0.09625	0.02625	6.14832e-104
0.09875	0.02625	2.33849e-108
0.00125	0.02875	2.88906e-104
0.00375	0.02875	7.55525e-100
0.00625	0.02875	7.62713e-96
0.00875	0.02875	4.82933e-92
0.01125	0.02875	2.07558e-88
0.01375	0.02875	6.09959e-85
0.01625	0.02875	1.16229e-81
0.01875	0.02875	1.32303e-78
0.02125	0.02875	7.10489e-76
0.02375	0.02875	1.2258e-73
0.02625	0.02875	3.46651e-74
0.02875	0.02875	2.58662e-77
0.03125	0.02875	1.14456e-80
0.03375	0.02875	4.43137e-84
0.03625	0.02875	1.52233e-87
0.03875	0.02875	4.51951e-91
0.04125	0.02875	1.10451e-94
0.04375	0.02875	2.06394e-98
0.04625	0.02875	2.58291e-102
0.04875	0.02875	1.60838e-106
0.05125	0.02875	1.60838e-106
0.05375	0.02875	2.58291e-102
0.05625	0.02875	2.06394e-98
0.05875	0.02875	1.10451e-94
0.06125	0.02875	4.51951e-91
0.06375	0.02875	1.52233e-87
0.06625	0.02875	4.43137e-84
0.06875	0.02875	1.14456e-80
0.07125	0.02875	2.58662e-77
0.07375	0.02875	3.46651e-74
0.07625	0.02875	1.2258e-73
0.07875	0.02875	7.10489e-76
0.08125	0.02875	1.32303e-78
0.08375	0.02875	1.16229e-81
0.08625	0.02875	6.09959e-85
0.08875	0.02875	2.07558e-88
0.09125	0.02875	4.82933e-92
0.09375	0.02875	7.62713e-96
0.09625	0.02875	7.55525e-100
0.09875	0.02875	2.88906e-104
0.00125	0.03125	1.46318e-100
0.00375	0.03125	3.74645e-96
0.00625	0.03125	3.77539e-92
0.00875	0.03125	2.41833e-88
0.01125	0.03125	1.06692e-84
0.01375	0.03125	3.28369e-81
0.01625	0.03125	6.7087e-78
0.01875	0.03125	8.49941e-75
0.02125	0.03125	5.31925e-72
0.02375	0.03125	1.16916e-69
0.02625	0.03125	2.69569e-70
0.02875	0.03125	2.20935e-73
0.03125	0.03125	1.26511e-76
0.03375	0.03125	6.09565e-80
0.03625	0.03125	2.50842e-83
0.03875	0.03125	8.86901e-87
0.04125	0.03125	2.58937e-90
0.04375	0.03125	5.80722e-94
0.04625	0.03125	8.77094e-98
0.04875	0.03125	6.61611e-102
0.05125	0.03125	6.61611e-102
0.05375	0.03125	8.77094e-98
0.05625	0.03125	5.80722e-94
0.05875	0.03125	2.58937e-90
0.06125	0.03125	8.86901e-87
0.06375	0.03125	2.50842e-83
0.06625	0.03125	6.09565e-80
0.06875	0.03125	1.26511e-76
0.07125	0.03125	2.20935e-73
0.07375	0.03125	2.69569e-70
0.07625	0.03125	1.16916e-69
0.07875	0.03125	5.31925e-72
0.08125	0.03125	8.49941e-75
0.08375	0.03125	6.7087e-78
0.08625	0.03125	3.28369e-81
0.08875	0.03125	1.06692e-84
0.09125	0.03125	2.41833e-88
0.09375	0.03125	3.77539e-92
0.09625	0.03125	3.74645e-96
0.09875	0.03125	1.46318e-100
0.00125	0.03375	8.06023e-97
0.00375	0.03375	2.02609e-92
0.00625	0.03375	2.05219e-88
0.00875	0.03375	1.34564e-84
0.01125	0.03375	6.21107e-81
0.01375	0.03375	2.06237e-77
0.01625	0.03375	4.73542e-74
0.01875	0.03375	7.22739e-71
0.02125	0.03375	6.11522e-68
0.02375	0.03375	2.43592e-65
0.02625	0.03375	1.39306e-63
0.02875	0.03375	9.02823e-67
0.03125	0.03375	4.57909e-70
0.03375	0.03375	2.20281e-73
0.03625	0.03375	9.74766e-77
0.03875	0.03375	3.80989e-80
0.04125	0.03375	1.24572e-83
0.04375	0.03375	3.15583e-87
0.04625	0.03375	5.38638e-91
0.04875	0.03375	4.61822e-95
0.05125	0.03375	4.61822e-95
0.05375	0.03375	5.38638e-91
0.05625	0.03375	3.15583e-87
0.05875	0.03375	1.24572e-83
0.06125	0.03375	3.80989e-80
0.06375	0.03375	9.74766e-77
0.06625	0.03375	2.20281e-73
0.06875	0.03375	4.57909e-70
0.07125	0.03375	9.02823e-67
0.07375	0.03375	1.39306e-63
0.07625	0.03375	2.43592e-65
0.07875	0.03375	6.11522e-68
0.08125	0.03375	7.22739e-71
0.08375	0.03375	4.73542e-74
0.08625	0.03375	2.06237e-77
0.08875	0.03375	6.21107e-81
0.09125	0.03375	1.34564e-84
0.09375	0.03375	2.05219e-88
0.09625	0.03375	2.02609e-92
0.09875	0.03375	8.06023e-97
0.00125	0.03625	2.86352e-93
0.00375	0.03625	7.02384e-89
0.00625	0.03625	7.0848e-85
0.00875	0.03625	4.68724e-81
0.01125	0.03625	2.21515e-77
0.01375	0.03625	7.68967e-74
0.01625	0.03625	1.89267e-70
0.01875	0.03625	3.22734e-67
0.02125	0.03625	3.22013e-64
0.02375	0.03625	1.68434e-61
0.02625	0.03625	1.56689e-59
0.02875	0.03625	9.60212e-63
0.03125	0.03625	5.7865e-66
0.03375	0.03625	3.34329e-69
0.03625	0.03625	1.79746e-72
0.03875	0.03625	8.6446e-76
0.04125	0.03625	3.52765e-79
0.04375	0.03625	1.12996e-82
0.04625	0.03625	2.47694e-86
0.04875	0.03625	2.75567e-90
0.05125	0.03625	2.75567e-90
0.05375	0.03625	2.47694e-86
0.05625	0.03625	1.12996e-82
0.05875	0.03625	3.52765e-79
0.06125	0.03625	8.6446e-76
0.06375	0.03625	1.79746e-72
0.06625	0.03625	3.34329e-69
0.06875	0.03625	5.7865e-66
0.07125	0.03625	9.60212e-63
0.07375	0.03625	1.56689e-59
0.07625	0.03625	1.68434e-61
0.07875	0.03625	3.22013e-64
0.08125	0.03625	3.22734e-67
0.08375	0.03625	1.89267e-70
0.08625	0.03625	7.68967e-74
0.08875	0.03625	2.21515e-77
0.09125	0.03625	4.68724e-81
0.09375	0.03625	7.0848e-85
0.09625	0.03625	7.02384e-89
0.09875	0.03625	2.86352e-93
0.00125	0.03875	9.58214e-90
0.00375	0.03875	2.29159e-85
0.00625	0.03875	2.30193e-81
0.00875	0.03875	1.53799e-77
0.01125	0.03875	7.45767e-74
0.01375	0.03875	2.7188e-70
0.01625	0.03875	7.23517e-67
0.01875	0.03875	1.40106e-63
0.02125	0.03875	1.70421e-60
0.02375	0.03875	1.26002e-57
0.02625	0.03875	2.47592e-55
0.02875	0.03875	4.80654e-54
0.03125	0.03875	3.65536e-57
0.03375	0.03875	2.6719e-60
0.03625	0.03875	1.8241e-63
0.03875	0.03875	1.11453e-66
0.04125	0.03875	5.76807e-70
0.04375	0.03875	2.33889e-73
0.04625	0.03875	6.36957e-77
0.04875	0.03875	8.81043e-81
0.05125	0.03875	8.81043e-81
0.05375	0.03875	6.36957e-77
0.05625	0.03875	2.33889e-73
0.05875	0.03875	5.76807e-70
0.06125	0.03875	1.11453e-66
0.06375	0.03875	1.8241e-63
0.06625	0.03875	2.6719e-60
0.06875	0.03875	3.65536e-57
0.07125	0.03875	4.80654e-54
0.07375	0.03875	2.47592e-55
0.07625	0.03875	1.26002e-57
0.07875	0.03875	1.70421e-60
0.08125	0.03875	1.40106e-63
0.08375	0.03875	7.23517e-67
0.08625	0.03875	2.7188e-70
0.08875	0.03875	7.45767e-74
0.09125	0.03875	1.53799e-77
0.09375	0.03875	2.30193e-81
0.09625	0.03875	2.29159e-85
0.09875	0.03875	9.58214e-90
0.00125	0.04125	2.43731e-86
0.00375	0.04125	5.66212e-82
0.00625	0.04125	5.63111e-78
0.00875	0.04125	3.7663e-74
0.01125	0.04125	1.85074e-70
0.01375	0.04125	6.96524e-67
0.01625	0.04125	1.95648e-63
0.01875	0.04125	4.15362e-60
0.02125	0.04125	5.82179e-57
0.02375	0.04125	5.46114e-54
0.02625	0.04125	1.65923e-51
0.02875	0.04125	1.05354e-49
0.03125	0.04125	9.7523e-53
0.03375	0.04125	8.81058e-56
0.03625	0.04125	7.56237e-59
0.03875	0.04125	5.93066e-62
0.04125	0.04125	4.04186e-65
0.04375	0.04125	2.21078e-68
0.04625	0.04125	8.4572e-72
0.04875	0.04125	1.68594e-75
0.05125	0.04125	1.68594e-75
0.05375	0.04125	8.4572e-72
0.05625	0.04125	2.21078e-68
0.05875	0.04125	4.04186e-65
0.06125	0.04125	5.93066e-62
0.06375	0.04125	7.56237e-59
0.06625	0.04125	8.81058e-56
0.06875	0.04125	9.7523e-53
0.07125	0.04125	1.05354e-49
0.07375	0.04125	1.65923e-51
0.07625	0.04125	5.46114e-54
0.07875	0.04125	5.82179e-57
0.08125	0.04125	4.15362e-60
0.08375	0.04125	1.95648e-63
0.08625	0.04125	6.96524e-67
0.08875	0.04125	1.85074e-70
0.09125	0.04125	3.7663e-74
0.09375	0.04125	5.63111e-78
0.09625	0.04125	5.66212e-82
0.09875	0.04125	2.43731e-86
0.00125	0.04375	5.53951e-83
0.00375	0.04375	1.24709e-78
0.00625	0.04375	1.22414e-74
0.00875	0.04375	8.16317e-71
0.01125	0.04375	4.04392e-67
0.01375	0.04375	1.56142e-63
0.01625	0.04375	4.59646e-60
0.01875	0.04375	1.06109e-56
0.02125	0.04375	1.69978e-53
0.02375	0.04375	2.00077e-50
0.02625	0.04375	9.3841e-48
0.02875	0.04375	1.93494e-45
0.03125	0.04375	2.15999e-48
0.03375	0.04375	2.36608e-51
0.03625	0.04375	2.48434e-54
0.03875	0.04375	2.38246e-57
0.04125	0.04375	1.97983e-60
0.04375	0.04375	1.3113e-63
0.04625	0.04375	5.73524e-67
0.04875	0.04375	1.30483e-70
0.05125	0.04375	1.30483e-70
0.05375	0.04375	5.73524e-67
0.05625	0.04375	1.3113e-63
0.05875	0.04375	1.97983e-60
0.06125	0.04375	2.38246e-57
0.06375	0.04375	2.48434e-54
0.06625	0.04375	2.36608e-51
0.06875	0.04375	2.15999e-48
0.07125	0.04375	1.93494e-45
0.07375	0.04375	9.3841e-48
0.07625	0.04375	2.00077e-50
0.07875	0.04375	1.69978e-53
0.08125	0.04375	1.06109e-56
0.08375	0.04375	4.59646e-60
0.08625	0.04375	1.56142e-63
0.08875	0.04375	4.04392e-67
0.09125	0.04375	8.16317e-71
0.09375	0.04375	1.22414e-74
0.09625	0.04375	1.24709e-78
0.09875	0.04375	5.53951e-83
0.00125	0.04625	1.03047e-79
0.00375	0.04625	2.24075e-75
0.00625	0.04625	2.15957e-71
0.00875	0.04625	1.42495e-67
0.01125	0.04625	7.04291e-64
0.01375	0.04625	2.75174e-60
0.01625	0.04625	8.33685e-57
0.01875	0.04625	2.04145e-53
0.02125	0.04625	3.6085e-50
0.02375	0.04625	5.02536e-47
0.02625	0.04625	3.23376e-44
0.02875	0.04625	1.29113e-41
0.03125	0.04625	5.4036e-42
0.03375	0.04625	2.24544e-44
0.03625	0.04625	5.79114e-47
0.03875	0.04625	1.1533e-49
0.04125	0.04625	1.85206e-52
0.04375	0.04625	2.30522e-55
0.04625	0.04625	2.01059e-58
0.04875	0.04625	9.41155e-62
0.05125	0.04625	9.41155e-62
0.05375	0.04625	2.01059e-58
0.05625	0.04625	2.30522e-55
0.05875	0.04625	1.85206e-52
0.06125	0.04625	1.1533e-49
0.06375	0.04625	5.79114e-47
0.06625	0.04625	2.24544e-44
0.06875	0.04625	5.4036e-42
0.07125	0.04625	1.29113e-41
0.07375	0.04625	3.23376e-44
0.07625	0.04625	5.02536e-47
0.07875	0.04625	3.6085e-50
0.08125	0.04625	2.04145e-53
0.08375	0.04625	8.33685e-57
0.08625	0.04625	2.75174e-60
0.08875	0.04625	7.04291e-64
0.09125	0.04625	1.42495e-67
0.09375	0.04625	2.15957e-71
0.09625	0.04625	2.24075e-75
0.09875	0.04625	1.03047e-79
0.00125	0.04875	1.68654e-76
0.00375	0.04875	3.53111e-72
0.00625	0.04875	3.32566e-68
0.00875	0.04875	2.15702e-64
0.01125	0.04875	1.05439e-60
0.01375	0.04875	4.12219e-57
0.01625	0.04875	1.26741e-53
0.01875	0.04875	3.23292e-50
0.02125	0.04875	6.16041e-47
0.02375	0.04875	9.7895e-44
0.02625	0.04875	8.17719e-41
0.02875	0.04875	5.33007e-38
0.03125	0.04875	1.05212e-35
0.03375	0.04875	2.05709e-38
0.03625	0.04875	3.94263e-41
0.03875	0.04875	6.99328e-44
0.04125	0.04875	1.10922e-46
0.04375	0.04875	1.41341e-49
0.04625	0.04875	1.10295e-52
0.04875	0.04875	4.63731e-56
0.05125	0.04875	4.63731e-56
0.05375	0.04875	1.10295e-52
0.05625	0.04875	1.41341e-49
0.05875	0.04875	1.10922e-46
0.06125	0.04875	6.99328e-44
0.06375	0.04875	3.94263e-41
0.06625	0.04875	2.05709e-38
0.06875	0.04875	1.05212e-35
0.07125	0.04875	5.33007e-38
0.07375	0.04875	8.17719e-41
0.07625	0.04875	9.7895e-44
0.07875	0.04875	6.16041e-47
0.08125	0.04875	3.23292e-50
0.08375	0.04875	1.26741e-53
0.08625	0.04875	4.12219e-57
0.08875	0.04875	1.05439e-60
0.09125	0.04875	2.15702e-64
0.09375	0.04875	3.32566e-68
0.09625	0.04875	3.53111e-72
0.09875	0.04875	1.68654e-76
0.00125	0.05125	2.34805e-73
0.00375	0.05125	4.71689e-69
0.00625	0.05125	4.31702e-65
0.00875	0.05125	2.73038e-61
0.01125	0.05125	1.30589e-57
0.01375	0.05125	5.03785e-54
0.01625	0.05125	1.54417e-50
0.01875	0.05125	4.00949e-47
0.02125	0.05125	7.98828e-44
0.02375	0.05125	1.38353e-40
0.02625	0.05125	1.39753e-37
0.02875	0.05125	1.25124e-34
0.03125	0.05125	7.45956e-32
0.03375	0.05125	5.01979e-31
0.03625	0.05125	6.73353e-34
0.03875	0.05125	8.09036e-37
0.04125	0.05125	8.1601e-40
0.04375	0.05125	6.73816e-43
0.04625	0.05125	4.23715e-46
0.04875	0.05125	1.57484e-49
0.05125	0.05125	1.57484e-49
0.05375	0.05125	4.23715e-46
0.05625	0.05125	6.73816e-43
0.05875	0.05125	8.1601e-40
0.06125	0.05125	8.09036e-37
0.06375	0.05125	6.73353e-34
0.06625	0.05125	5.01979e-31
0.06875	0.05125	7.45956e-32
0.07125	0.05125	1.25124e-34
0.07375	0.05125	1.39753e-37
0.07625	0.05125	1.38353e-40
0.07875	0.05125	7.98828e-44
0.08125	0.05125	4.00949e-47
0.08375	0.05125	1.54417e-50
0.08625	0.05125	5.03785e-54
0.08875	0.05125	1.30589e-57
0.09125	0.05125	2.73038e-61
0.09375	0.05125	4.31702e-65
0.09625	0.05125	4.71689e-69
0.09875	0.05125	2.34805e-73
0.00125	0.05375	2.88114e-70
0.00375	0.05375	5.53267e-66
0.00625	0.05375	4.89271e-62
0.00875	0.05375	2.9932e-58
0.01125	0.05375	1.38588e-54
0.01375	0.05375	5.20361e-51
0.01625	0.05375	1.56306e-47
0.01875	0.05375	4.04215e-44
0.02125	0.05375	8.1855e-41
0.02375	0.05375	1.4842e-37
0.02625	0.05375	1.70826e-34
0.02875	0.05375	1.8661e-31
0.03125	0.05375	2.04913e-28
0.03375	0.05375	2.97661e-25
0.03625	0.05375	1.09136e-27
0.03875	0.05375	3.79898e-30
0.04125	0.05375	1.29441e-32
0.04375	0.05375	3.53277e-35
0.04625	0.05375	4.66582e-38
0.04875	0.05375	3.54115e-41
0.05125	0.05375	3.54115e-41
0.05375	0.05375	4.66582e-38
0.05625	0.05375	3.53277e-35
0.05875	0.05375	1.29441e-32
0.06125	0.05375	3.79898e-30
0.06375	0.05375	1.09136e-27
0.06625	0.05375	2.97661e-25
0.06875	0.05375	2.04913e-28
0.07125	0.05375	1.8661e-31
0.07375	0.05375	1.70826e-34
0.07625	0.05375	1.4842e-37
0.07875	0.05375	8.1855e-41
0.08125	0.05375	4.04215e-44
0.08375	0.05375	1.56306e-47
0.08625	0.05375	5.20361e-51
0.08875	0.05375	1.38588e-54
0.09125	0.05375	2.9932e-58
0.09375	0.05375	4.89271e-62
0.09625	0.05375	5.53267e-66
0.09875	0.05375	2.88114e-70
0.00125	0.05625	3.08162e-67
0.00375	0.05625	5.63464e-63
0.00625	0.05625	4.7849e-59
0.00875	0.05625	2.80646e-55
0.01125	0.05625	1.24327e-51
0.01375	0.05625	4.47586e-48
0.01625	0.05625	1.29259e-44
0.01875	0.05625	3.25269e-41
0.02125	0.05625	6.48859e-38
0.02375	0.05625	1.18265e-34
0.02625	0.05625	1.46288e-31
0.02875	0.05625	1.7631e-28
0.03125	0.05625	2.7692e-25
0.03375	0.05625	7.25806e-22
0.03625	0.05625	3.39122e-24
0.03875	0.05625	1.63277e-26
0.04125	0.05625	7.93885e-29
0.04375	0.05625	3.57729e-31
0.04625	0.05625	1.65504e-33
0.04875	0.05625	5.99328e-36
0.05125	0.05625	5.99328e-36
0.05375	0.05625	1.65504e-33
0.05625	0.05625	3.57729e-31
0.05875	0.05625	7.93885e-29
0.06125	0.05625	1.63277e-26
0.06375	0.05625	3.39122e-24
0.06625	0.05625	7.25806e-22
0.06875	0.05625	2.7692e-25
0.07125	0.05625	1.7631e-28
0.07375	0.05625	1.46288e-31
0.07625	0.05625	1.18265e-34
0.07875	0.05625	6.48859e-38
0.08125	0.05625	3.25269e-41
0.08375	0.05625	1.29259e-44
0.08625	0.05625	4.47586e-48
0.08875	0.05625	1.24327e-51
0.09125	0.05625	2.80646e-55
0.09375	0.05625	4.7849e-59
0.09625	0.05625	5.63464e-63
0.09875	0.05625	3.08162e-67
0.00125	0.05875	2.93644e-64
0.00375	0.05875	5.09104e-60
0.00625	0.05875	4.12524e-56
0.00875	0.05875	2.29866e-52
0.01125	0.05875	9.63061e-49
0.01375	0.05875	3.27429e-45
0.01625	0.05875	8.92691e-42
0.01875	0.05875	2.13663e-38
0.02125	0.05875	4.08002e-35
0.02375	0.05875	7.20099e-32
0.02625	0.05875	9.07883e-29
0.02875	0.05875	1.12108e-25
0.03125	0.05875	2.05385e-22
0.03375	0.05875	6.616e-19
0.03625	0.05875	4.10411e-17
0.03875	0.05875	3.51311e-18
0.04125	0.05875	3.86839e-20
0.04375	0.05875	3.15463e-22
0.04625	0.05875	4.395e-25
0.04875	0.05875	3.67148e-28
0.05125	0.05875	3.67148e-28
0.05375	0.05875	4.395e-25
0.05625	0.05875	3.15463e-22
0.05875	0.05875	3.86839e-20
0.06125	0.05875	3.51311e-18
0.06375	0.05875	4.10411e-17
0.06625	0.05875	6.616e-19
0.06875	0.05875	2.05385e-22
0.07125	0.05875	1.12108e-25
0.07375	0.05875	9.07883e-29
0.07625	0.05875	7.20099e-32
0.07875	0.05875	4.08002e-35
0.08125	0.05875	2.13663e-38
0.08375	0.05875	8.92691e-42
0.08625	0.05875	3.27429e-45
0.08875	0.05875	9.63061e-49
0.09125	0.05875	2.29866e-52
0.09375	0.05875	4.12524e-56
0.09625	0.05875	5.09104e-60
0.09875	0.05875	2.93644e-64
0.00125	0.06125	2.48727e-61
0.00375	0.06125	4.07104e-57
0.00625	0.06125	3.12653e-53
0.00875	0.06125	1.63928e-49
0.01125	0.06125	6.41478e-46
0.01375	0.06125	2.02741e-42
0.01625	0.06125	5.11327e-39
0.01875	0.06125	1.13781e-35
0.02125	0.06125	2.01146e-32
0.02375	0.06125	3.32221e-29
0.02625	0.06125	4.02127e-26
0.02875	0.06125	4.79586e-23
0.03125	0.06125	8.73128e-20
0.03375	0.06125	2.71442e-16
0.03625	0.06125	4.13962e-14
0.03875	0.06125	1.33819e-15
0.04125	0.06125	1.63162e-17
0.04375	0.06125	1.83739e-19
0.04625	0.06125	1.16088e-21
0.04875	0.06125	6.52522e-25
0.05125	0.06125	6.52522e-25
0.05375	0.06125	1.16088e-21
0.05625	0.06125	1.83739e-19
0.05875	0.06125	1.63162e-17
0.06125	0.06125	1.33819e-15
0.06375	0.06125	4.13962e-14
0.06625	0.06125	2.71442e-16
0.06875	0.06125	8.73128e-20
0.07125	0.06125	4.79586e-23
0.07375	0.06125	4.02127e-26
0.07625	0.06125	3.32221e-29
0.07875	0.06125	2.01146e-32
0.08125	0.06125	1.13781e-35
0.08375	0.06125	5.11327e-39
0.08625	0.06125	2.02741e-42
0.08875	0.06125	6.41478e-46
0.09125	0.06125	1.63928e-49
0.09375	0.06125	3.12653e-53
0.09625	0.06125	4.07104e-57
0.09875	0.06125	2.48727e-61
0.00125	0.06375	1.9086e-58
0.00375	0.06375	2.93539e-54
0.00625	0.06375	2.12221e-50
0.00875	0.06375	1.03673e-46
0.01125	0.06375	3.74405e-43
0.01375	0.06375	1.08254e-39
0.01625	0.06375	2.48084e-36
0.01875	0.06375	5.01537e-33
0.02125	0.06375	8.0007e-30
0.02375	0.06375	1.19388e-26
0.02625	0.06375	1.33386e-23
0.02875	0.06375	1.45894e-20
0.03125	0.06375	2.3209e-17
0.03375	0.06375	6.59184e-14
0.03625	0.06375	8.9591e-12
0.03875	0.06375	1.89044e-13
0.04125	0.06375	2.35891e-15
0.04375	0.06375	9.93791e-18
0.04625	0.06375	0.872025
0.04875	0.06375	0.874314
0.05125	0.06375	0.874314
0.05375	0.06375	0.872025
0.05625	0.06375	9.93791e-18
0.05875	0.06375	2.35891e-15
0.06125	0.06375	1.89044e-13
0.06375	0.06375	8.9591e-12
0.06625	0.06375	6.59184e-14
0.06875	0.06375	2.3209e-17
0.07125	0.06375	1.45894e-20
0.07375	0.06375	1.33386e-23
0.07625	0.06375	1.19388e-26
0.07875	0.06375	8.0007e-30
0.08125	0.06375	5.01537e-33
0.08375	0.06375	2.48084e-36
0.08625	0.06375	1.08254e-39
0.08875	0.06375	3.74405e-43
0.09125	0.06375	1.03673e-46
0.09375	0.06375	2.12221e-50
0.09625	0.06375	2.93539e-54
0.09875	0.06375	1.9086e-58
0.00125	0.06625	1.32662e-55
0.00375	0.06625	1.90805e-51
0.00625	0.06625	1.28959e-47
0.00875	0.06625	5.81118e-44
0.01125	0.06625	1.91291e-40
0.01375	0.06625	4.97876e-37
0.01625	0.06625	1.01639e-33
0.01875	0.06625	1.82566e-30
0.02125	0.06625	2.54326e-27
0.02375	0.06625	3.33328e-24
0.02625	0.06625	3.22852e-21
0.02875	0.06625	3.21421e-18
0.03125	0.06625	3.6699e-15
0.03375	0.06625	1.1689e-11
0.03625	0.06625	6.8294e-10
0.03875	0.06625	1.4375e-11
0.04125	0.06625	0.872182
0.04375	0.06625	0.87527
0.04625	0.06625	0.991623
0.04875	0.06625	0.991606
0.05125	0.06625	0.991606
0.05375	0.06625	0.991623
0.05625	0.06625	0.87527
0.05875	0.06625	0.872182
0.06125	0.06625	1.4375e-11
0.06375	0.06625	6.8294e-10
0.06625	0.06625	1.1689e-11
0.06875	0.06625	3.6699e-15
0.07125	0.06625	3.21421e-18
0.07375	0.06625	3.22852e-21
0.07625	0.06625	3.33328e-24
0.07875	0.06625	2.54326e-27
0.08125	0.06625	1.82566e-30
0.08375	0.06625	1.01639e-33
0.08625	0.06625	4.97876e-37
0.08875	0.06625	1.91291e-40
0.09125	0.06625	5.81118e-44
0.09375	0.06625	1.28959e-47
0.09625	0.06625	1.90805e-51
0.09875	0.06625	1.32662e-55
0.00125	0.06875	8.53851e-53
0.00375	0.06875	1.14253e-48
0.00625	0.06875	7.16695e-45
0.00875	0.06875	2.94841e-41
0.01125	0.06875	8.73883e-38
0.01375	0.06875	2.01399e-34
0.01625	0.06875	3.59935e-31
0.01875	0.06875	5.612e-28
0.02125	0.06875	6.68311e-25
0.02375	0.06875	7.4043e-22
0.02625	0.06875	6.12676e-19
0.02875	0.06875	5.15932e-16
0.03125	0.06875	4.21278e-13
0.03375	0.06875	1.16427e-09
0.03625	0.06875	3.4938e-08
0.03875	0.06875	9.10858e-10
0.04125	0.06875	0.991363
0.04375	0.06875	0.991794
0.04625	0.06875	0.999577
0.04875	0.06875	0.999583
0.05125	0.06875	0.999583
0.05375	0.06875	0.999577
0.05625	0.06875	0.991794
0.05875	0.06875	0.991363
0.06125	0.06875	9.10858e-10
0.06375	0.06875	3.4938e-08
0.06625	0.06875	1.16427e-09
0.06875	0.06875	4.21278e-13
0.07125	0.06875	5.15932e-16
0.07375	0.06875	6.12676e-19
0.07625	0.06875	7.4043e-22
0.07875	0.06875	6.68311e-25
0.08125	0.06875	5.612e-28
0.08375	0.06875	3.59935e-31
0.08625	0.06875	2.01399e-34
0.08875	0.06875	8.73883e-38
0.09125	0.06875	2.94841e-41
0.09375	0.06875	7.16695e-45
0.09625	0.06875	1.14253e-48
0.09875	0.06875	8.53851e-53
0.00125	0.07125	5.07698e-50
0.00375	0.07125	6.28795e-46
0.00625	0.07125	3.63568e-42
0.00875	0.07125	1.35202e-38
0.01125	0.07125	3.56754e-35
0.01375	0.07125	7.16355e-32
0.01625	0.07125	1.10286e-28
0.01875	0.07125	1.45545e-25
0.02125	0.07125	1.44983e-22
0.02375	0.07125	1.29269e-19
0.02625	0.07125	8.91712e-17
0.02875	0.07125	5.67574e-14
0.03125	0.07125	3.13272e-11
0.03375	0.07125	5.02032e-08
0.03625	0.07125	2.26934e-06
0.03875	0.07125	0.873251
0.04125	0.07125	0.999635
0.04375	0.07125	0.99947
0.04625	0.07125	1.00004
0.04875	0.07125	0.999978
0.05125	0.07125	0.999978
0.05375	0.07125	1.00004
0.05625	0.07125	0.99947
0.05875	0.07125	0.999635
0.06125	0.07125	0.873251
0.06375	0.07125	2.26934e-06
0.06625	0.07125	5.02032e-08
0.06875	0.07125	3.13272e-11
0.07125	0.07125	5.67574e-14
0.07375	0.07125	8.91712e-17
0.07625	0.07125	1.29269e-19
0.07875	0.07125	1.44983e-22
0.08125	0.07125	1.45545e-25
0.08375	0.07125	1.10286e-28
0.08625	0.07125	7.16355e-32
0.08875	0.07125	3.56754e-35
0.09125	0.07125	1.35202e-38
0.09375	0.07125	3.63568e-42
0.09625	0.07125	6.28795e-46
0.09875	0.07125	5.07698e-50
0.00125	0.07375	2.87462e-47
0.00375	0.07375	3.27646e-43
0.00625	0.07375	1.73237e-39
0.00875	0.07375	5.76265e-36
0.01125	0.07375	1.3357e-32
0.01375	0.07375	2.30017e-29
0.01625	0.07375	2.99113e-26
0.01875	0.07375	3.27324e-23
0.02125	0.07375	2.64611e-20
0.02375	0.07375	1.84652e-17
0.02625	0.07375	1.02141e-14
0.02875	0.07375	4.76627e-12
0.03125	0.07375	1.70277e-09
0.03375	0.07375	1.29275e-06
0.03625	0.07375	0.000381927
0.03875	0.07375	0.991262
0.04125	0.07375	0.999987
0.04375	0.07375	1.00005
0.04625	0.07375	0.999982
0.04875	0.07375	1
0.05125	0.07375	1
0.05375	0.07375	0.999982
0.05625	0.07375	1.00005
0.05875	0.07375	0.999987
0.06125	0.07375	0.991262
0.06375	0.07375	0.000381927
0.06625	0.07375	1.29275e-06
0.06875	0.07375	1.70277e-09
0.07125	0.07375	4.76627e-12
0.07375	0.07375	1.02141e-14
0.07625	0.07375	1.84652e-17
0.07875	0.07375	2.64611e-20
0.08125	0.07375	3.27324e-23
0.08375	0.07375	2.99113e-26
0.08625	0.07375	2.30017e-29
0.08875	0.07375	1.3357e-32
0.09125	0.07375	5.76265e-36
0.09375	0.07375	1.73237e-39
0.09625	0.07375	3.27646e-43
0.09875	0.07375	2.87462e-47
0.00125	0.07625	1.20986e-44
0.00375	0.07625	1.28675e-40
0.00625	0.07625	6.32626e-37
0.00875	0.07625	1.9377e-33
0.01125	0.07625	4.07779e-30
0.01375	0.07625	6.32055e-27
0.01625	0.07625	7.23241e-24
0.01875	0.07625	6.43559e-21
0.02125	0.07625	4.15597e-18
0.02375	0.07625	2.21066e-15
0.02625	0.07625	9.76793e-13
0.02875	0.07625	3.2438e-10
0.03125	0.07625	8.14501e-08
0.03375	0.07625	1.21029e-05
0.03625	0.07625	1.97762e-05
0.03875	0.07625	0.998455
0.04125	0.07625	0.999993
0.04375	0.07625	0.999915
0.04625	0.07625	1.00003
0.04875	0.07625	1
0.05125	0.07625	1
0.05375	0.07625	1.00003
0.05625	0.07625	0.999915
0.05875	0.07625	0.999993
0.06125	0.07625	0.998455
0.06375	0.07625	1.97762e-05
0.06625	0.07625	1.21029e-05
0.06875	0.07625	8.14501e-08
0.07125	0.07625	3.2438e-10
0.07375	0.07625	9.76793e-13
0.07625	0.07625	2.21066e-15
0.07875	0.07625	4.15597e-18
0.08125	0.07625	6.43559e-21
0.08375	0.07625	7.23241e-24
0.08625	0.07625	6.32055e-27
0.08875	0.07625	4.07779e-30
0.09125	0.07625	1.9377e-33
0.09375	0.07625	6.32626e-37
0.09625	0.07625	1.28675e-40
0.09875	0.07625	1.20986e-44
0.00125	0.07875	2.84878e-42
0.00375	0.07875	2.81422e-38
0.00625	0.07875	1.29065e-34
0.00875	0.07875	3.65716e-31
0.01125	0.07875	7.11152e-28
0.01375	0.07875	1.0048e-24
0.01625	0.07875	1.0553e-21
0.01875	0.07875	8.3684e-19
0.02125	0.07875	4.9797e-16
0.02375	0.07875	2.21795e-13
0.02625	0.07875	7.14589e-11
0.02875	0.07875	1.66994e-08
0.03125	0.07875	2.5692e-06
0.03375	0.07875	0.000298622
0.03625	0.07875	0.0194278
0.03875	0.07875	1.00075
0.04125	0.07875	0.999977
0.04375	0.07875	1.00016
0.04625	0.07875	0.999928
0.04875	0.07875	0.999988
0.05125	0.07875	0.999988
0.05375	0.07875	0.999928
0.05625	0.07875	1.00016
0.05875	0.07875	0.999977
0.06125	0.07875	1.00075
0.06375	0.07875	0.0194278
0.06625	0.07875	0.000298622
0.06875	0.07875	2.5692e-06
0.07125	0.07875	1.66994e-08
0.07375	0.07875	7.14589e-11
0.07625	0.07875	2.21795e-13
0.07875	0.07875	4.9797e-16
0.08125	0.07875	8.3684e-19
0.08375	0.07875	1.0553e-21
0.08625	0.07875	1.0048e-24
0.08875	0.07875	7.11152e-28
0.09125	0.07875	3.65716e-31
0.09375	0.07875	1.29065e-34
0.09625	0.07875	2.81422e-38
0.09875	0.07875	2.84878e-42
0.00125	0.08125	1.42719e-41
0.00375	0.08125	1.12074e-37
0.00625	0.08125	4.09358e-34
0.00875	0.08125	9.25353e-31
0.01125	0.08125	1.44323e-27
0.01375	0.08125	1.63625e-24
0.01625	0.08125	1.38802e-21
0.01875	0.08125	8.84451e-19
0.02125	0.08125	4.26827e-16
0.02375	0.08125	1.49963e-13
0.02625	0.08125	3.86288e-11
0.02875	0.08125	6.42835e-09
0.03125	0.08125	7.18751e-07
0.03375	0.08125	3.96851e-05
0.03625	0.08125	0.00157518
0.03875	0.08125	0.1095
0.04125	0.08125	0.99909
0.04375	0.08125	0.999799
0.04625	0.08125	1.0001
0.04875	0.08125	1.00006
0.05125	0.08125	1.00006
0.05375	0.08125	1.0001
0.05625	0.08125	0.999799
0.05875	0.08125	0.99909
0.06125	0.08125	0.1095
0.06375	0.08125	0.00157518
0.06625	0.08125	3.96851e-05
0.06875	0.08125	7.18751e-07
0.07125	0.08125	6.42835e-09
0.07375	0.08125	3.86288e-11
0.07625	0.08125	1.49963e-13
0.07875	0.08125	4.26827e-16
0.08125	0.08125	8.84451e-19
0.08375	0.08125	1.38802e-21
0.08625	0.08125	1.63625e-24
0.08875	0.08125	1.44323e-27
0.09125	0.08125	9.25353e-31
0.09375	0.08125	4.09358e-34
0.09625	0.08125	1.12074e-37
0.09875	0.08125	1.42719e-41
0.00125	0.08375	1.66983e-40
0.00375	0.08375	1.026e-36
0.00625	0.08375	2.92951e-33
0.00875	0.08375	5.15604e-30
0.01125	0.08375	6.19828e-27
0.01375	0.08375	5.37961e-24
0.01625	0.08375	3.4412e-21
0.01875	0.08375	1.64904e-18
0.02125	0.08375	5.8787e-16
0.02375	0.08375	1.55707e-13
0.02625	0.08375	2.98521e-11
0.02875	0.08375	4.05668e-09
0.03125	0.08375	3.74292e-07
0.03375	0.08375	2.17429e-05
0.03625	0.08375	0.000769055
0.03875	0.08375	0.0242377
0.04125	0.08375	1.00021
0.04375	0.08375	1.00077
0.04625	0.08375	0.999738
0.04875	0.08375	0.999901
0.05125	0.08375	0.999901
0.05375	0.08375	0.999738
0.05625	0.08375	1.00077
0.05875	0.08375	1.00021
0.06125	0.08375	0.0242377
0.06375	0.08375	0.000769055
0.06625	0.08375	2.17429e-05
0.06875	0.08375	3.74292e-07
0.07125	0.08375	4.05668e-09
0.07375	0.08375	2.98521e-11
0.07625	0.08375	1.55707e-13
0.07875	0.08375	5.8787e-16
0.08125	0.08375	1.64904e-18
0.08375	0.08375	3.4412e-21
0.08625	0.08375	5.37961e-24
0.08875	0.08375	6.19828e-27
0.09125	0.08375	5.15604e-30
0.09375	0.08375	2.92951e-33
0.09625	0.08375	1.026e-36
0.09875	0.08375	1.66983e-40
0.00125	0.08625	5.93757e-41
0.00375	0.08625	3.33475e-37
0.00625	0.08625	8.6992e-34
0.00875	0.08625	1.399e-30
0.01125	0.08625	1.54619e-27
0.01375	0.08625	1.2345e-24
0.01625	0.08625	7.33118e-22
0.01875	0.08625	3.25502e-19
0.02125	0.08625	1.08932e-16
0.02375	0.08625	2.68972e-14
0.02625	0.08625	4.89276e-12
0.02875	0.08625	6.26057e-10
0.03125	0.08625	5.55753e-08
0.03375	0.08625	3.22503e-06
0.03625	0.08625	0.000116565
0.03875	0.08625	0.00332182
0.04125	0.08625	0.10987
0.04375	0.08625	0.133689
0.04625	0.08625	1.00048
0.04875	0.08625	1.00061
0.05125	0.08625	1.00061
0.05375	0.08625	1.00048
0.05625	0.08625	0.133689
0.05875	0.08625	0.10987
0.06125	0.08625	0.00332182
0.06375	0.08625	0.000116565
0.06625	0.08625	3.22503e-06
0.06875	0.08625	5.55753e-08
0.07125	0.08625	6.26057e-10
0.07375	0.08625	4.89276e-12
0.07625	0.08625	2.68972e-14
0.07875	0.08625	1.08932e-16
0.08125	0.08625	3.25502e-19
0.08375	0.08625	7.33118e-22
0.08625	0.08625	1.2345e-24
0.08875	0.08625	1.54619e-27
0.09125	0.08625	1.399e-30
0.09375	0.08625	8.6992e-34
0.09625	0.08625	3.33475e-37
0.09875	0.08625	5.93757e-41
0.00125	0.08875	1.15263e-42
0.00375	0.08875	6.00112e-39
0.00625	0.08875	1.46654e-35
0.00875	0.08875	2.22885e-32
0.01125	0.08875	2.33979e-29
0.01375	0.08875	1.79374e-26
0.01625	0.08875	1.03016e-23
0.01875	0.08875	4.51025e-21
0.02125	0.08875	1.50863e-18
0.02375	0.08875	3.85953e-16
0.02625	0.08875	7.47618e-14
0.02875	0.08875	1.08066e-11
0.03125	0.08875	1.14382e-09
0.03375	0.08875	8.50942e-08
0.03625	0.08875	4.31892e-06
0.03875	0.08875	0.000145107
0.04125	0.08875	0.00448553
0.04375	0.08875	0.0101287
0.04625	0.08875	0.118443
0.04875	0.08875	0.125456
0.05125	0.08875	0.125456
0.05375	0.08875	0.118443
0.05625	0.08875	0.0101287
0.05875	0.08875	0.00448553
0.06125	0.08875	0.000145107
0.06375	0.08875	4.31892e-06
0.06625	0.08875	8.50942e-08
0.06875	0.08875	1.14382e-09
0.07125	0.08875	1.08066e-11
0.07375	0.08875	7.47618e-14
0.07625	0.08875	3.85953e-16
0.07875	0.08875	1.50863e-18
0.08125	0.08875	4.51025e-21
0.08375	0.08875	1.03016e-23
0.08625	0.08875	1.79374e-26
0.08875	0.08875	2.33979e-29
0.09125	0.08875	2.22885e-32
0.09375	0.08875	1.46654e-35
0.09625	0.08875	6.00112e-39
0.09875	0.08875	1.15263e-42
0.00125	0.09125	3.82856e-45
0.00375	0.09125	1.96412e-41
0.00625	0.09125	4.71726e-38
0.00875	0.09125	7.05473e-35
0.01125	0.09125	7.33595e-32
0.01375	0.09125	5.59664e-29
0.01625	0.09125	3.23283e-26
0.01875	0.09125	1.43374e-23
0.02125	0.09125	4.93895e-21
0.02375	0.09125	1.31804e-18
0.02625	0.09125	2.73518e-16
0.02875	0.09125	4.3612e-14
0.03125	0.09125	5.33163e-12
0.03375	0.09125	4.92303e-10
0.03625	0.09125	3.395e-08
0.03875	0.09125	1.72138e-06
0.04125	0.09125	6.70231e-05
0.04375	0.09125	0.000438031
0.04625	0.09125	0.00606114
0.04875	0.09125	0.00803668
0.05125	0.09125	0.00803668
0.05375	0.09125	0.00606114
0.05625	0.09125	0.000438031
0.05875	0.09125	6.70231e-05
0.06125	0.09125	1.72138e-06
0.06375	0.09125	3.395e-08
0.06625	0.09125	4.92303e-10
0.06875	0.09125	5.33163e-12
0.07125	0.09125	4.3612e-14
0.07375	0.09125	2.73518e-16
0.07625	0.09125	1.31804e-18
0.07875	0.09125	4.93895e-21
0.08125	0.09125	1.43374e-23
0.08375	0.09125	3.23283e-26
0.08625	0.09125	5.59664e-29
0.08875	0.09125	7.33595e-32
0.09125	0.09125	7.05473e-35
0.09375	0.09125	4.71726e-38
0.09625	0.09125	1.96412e-41
0.09875	0.09125	3.82856e-45
0.00125	0.09375	8.67522e-48
0.00375	0.09375	4.26172e-44
0.00625	0.09375	9.91459e-41
0.00875	0.09375	1.44655e-37
0.01125	0.09375	1.47373e-34
0.01375	0.09375	1.10953e-31
0.01625	0.09375	6.36238e-29
0.01875	0.09375	2.83484e-26
0.02125	0.09375	9.91521e-24
0.02375	0.09375	2.74122e-21
0.02625	0.09375	6.00869e-19
0.02875	0.09375	1.04408e-16
0.03125	0.09375	1.44012e-14
0.03375	0.09375	1.5695e-12
0.03625	0.09375	1.35485e-10
0.03875	0.09375	9.276e-09
0.04125	0.09375	5.05966e-07
0.04375	0.09375	8.96876e-06
0.04625	0.09375	0.000151114
0.04875	0.09375	0.000298501
0.05125	0.09375	0.000298501
0.05375	0.09375	0.000151114
0.05625	0.09375	8.96876e-06
0.05875	0.09375	5.05966e-07
0.06125	0.09375	9.276e-09
0.06375	0.09375	1.35485e-10
0.06625	0.09375	1.5695e-12
0.06875	0.09375	1.44012e-14
0.07125	0.09375	1.04408e-16
0.07375	0.09375	6.00869e-19
0.07625	0.09375	2.74122e-21
0.07875	0.09375	9.91521e-24
0.08125	0.09375	2.83484e-26
0.08375	0.09375	6.36238e-29
0.08625	0.09375	1.10953e-31
0.08875	0.09375	1.47373e-34
0.09125	0.09375	1.44655e-37
0.09375	0.09375	9.91459e-41
0.09625	0.09375	4.26172e-44
0.09875	0.09375	8.67522e-48
0.00125	0.09625	9.01125e-51
0.00375	0.09625	4.55147e-47
0.00625	0.09625	1.08173e-43
0.00875	0.09625	1.61136e-40
0.01125	0.09625	1.68167e-37
0.01375	0.09625	1.3008e-34
0.01625	0.09625	7.70706e-32
0.01875	0.09625	3.56541e-29
0.02125	0.09625	1.30598e-26
0.02375	0.09625	3.81413e-24
0.02625	0.09625	8.95468e-22
0.02875	0.09625	1.69633e-19
0.03125	0.09625	2.61278e-17
0.03375	0.09625	3.29969e-15
0.03625	0.09625	3.45711e-13
0.03875	0.09625	3.08434e-11
0.04125	0.09625	2.41938e-09
0.04375	0.09625	7.29564e-08
0.04625	0.09625	1.57495e-06
0.04875	0.09625	4.89894e-06
0.05125	0.09625	4.89894e-06
0.05375	0.09625	1.57495e-06
0.05625	0.09625	7.29564e-08
0.05875	0.09625	2.41938e-09
0.06125	0.09625	3.08434e-11
0.06375	0.09625	3.45711e-13
0.06625	0.09625	3.29969e-15
0.06875	0.09625	2.61278e-17
0.07125	0.09625	1.69633e-19
0.07375	0.09625	8.95468e-22
0.07625	0.09625	3.81413e-24
0.07875	0.09625	1.30598e-26
0.08125	0.09625	3.56541e-29
0.08375	0.09625	7.70706e-32
0.08625	0.09625	1.3008e-34
0.08875	0.09625	1.68167e-37
0.09125	0.09625	1.61136e-40
0.09375	0.09625	1.08173e-43
0.09625	0.09625	4.55147e-47
0.09875	0.09625	9.01125e-51
0.00125	0.09875	7.69068e-54
0.00375	0.09875	3.93736e-50
0.00625	0.09875	9.59188e-47
0.00875	0.09875	1.47342e-43
0.01125	0.09875	1.59162e-40
0.01375	0.09875	1.28016e-37
0.01625	0.09875	7.92133e-35
0.01875	0.09875	3.85103e-32
0.02125	0.09875	1.49176e-29
0.02375	0.09875	4.6491e-27
0.02625	0.09875	1.17599e-24
0.02875	0.09875	2.43084e-22
0.03125	0.09875	4.1463e-20
0.03375	0.09875	5.89949e-18
0.03625	0.09875	7.1184e-16
0.03875	0.09875	7.48753e-14
0.04125	0.09875	6.35315e-12
0.04375	0.09875	2.8651e-10
0.04625	0.09875	7.48372e-09
0.04875	0.09875	3.1017e-08
0.05125	0.09875	3.1017e-08
0.05375	0.09875	7.48372e-09
0.05625	0.09875	2.8651e-10
0.05875	0.09875	6.35315e-12
0.06125	0.09875	7.48753e-14
0.06375	0.09875	7.1184e-16
0.06625	0.09875	5.89949e-18
0.06875	0.09875	4.1463e-20
0.07125	0.09875	2.43084e-22
0.07375	0.09875	1.17599e-24
0.07625	0.09875	4.6491e-27
0.07875	0.09875	1.49176e-29
0.08125	0.09875	3.85103e-32
0.08375	0.09875	7.92133e-35
0.08625	0.09875	1.28016e-37
0.08875	0.09875	1.59162e-40
0.09125	0.09875	1.47342e-43
0.09375	0.09875	9.59188e-47
0.09625	0.09875	3.93736e-50
0.09875	0.09875	7.69068e-54
