0.00125	0.00125	0.010713
0.00375	0.00125	0.0107256
0.00625	0.00125	0.0107255
0.00875	0.00125	0.0107253
0.01125	0.00125	0.0107253
0.01375	0.00125	0.0107252
0.01625	0.00125	0.0107252
0.01875	0.00125	0.0107252
0.02125	0.00125	0.0107252
0.02375	0.00125	0.0107251
0.02625	0.00125	0.0107251
0.02875	0.00125	0.0107251
0.03125	0.00125	0.0107251
0.03375	0.00125	0.0107251
0.03625	0.00125	0.0107251
0.03875	0.00125	0.0107251
0.04125	0.00125	0.0107251
0.04375	0.00125	0.0107251
0.04625	0.00125	0.0107251
0.04875	0.00125	0.0107251
0.05125	0.00125	0.0107251
0.05375	0.00125	0.0107251
0.05625	0.00125	0.0107251
0.05875	0.00125	0.0107251
0.06125	0.00125	0.0107251
0.06375	0.00125	0.0107251
0.06625	0.00125	0.0107251
0.06875	0.00125	0.0107251
0.07125	0.00125	0.0107251
0.07375	0.00125	0.0107251
0.07625	0.00125	0.0107251
0.07875	0.00125	0.0107252
0.08125	0.00125	0.0107252
0.08375	0.00125	0.0107252
0.08625	0.00125	0.0107252
0.08875	0.00125	0.0107253
0.09125	0.00125	0.0107253
0.09375	0.00125	0.0107255
0.09625	0.00125	0.0107256
0.09875	0.00125	0.010713
0.00125	0.00375	-0.00973786
0.00375	0.00375	-0.00974828
0.00625	0.00375	-0.00974828
0.00875	0.00375	-0.00974832
0.01125	0.00375	-0.00974827
0.01375	0.00375	-0.00974823
0.01625	0.00375	-0.00974816
0.01875	0.00375	-0.00974808
0.02125	0.00375	-0.00974798
0.02375	0.00375	-0.00974787
0.02625	0.00375	-0.00974776
0.02875	0.00375	-0.00974764
0.03125	0.00375	-0.00974752
0.03375	0.00375	-0.0097474
0.03625	0.00375	-0.00974729
0.03875	0.00375	-0.00974719
0.04125	0.00375	-0.0097471
0.04375	0.00375	-0.00974702
0.04625	0.00375	-0.00974696
0.04875	0.00375	-0.00974693
0.05125	0.00375	-0.00974693
0.05375	0.00375	-0.00974696
0.05625	0.00375	-0.00974702
0.05875	0.00375	-0.0097471
0.06125	0.00375	-0.00974719
0.06375	0.00375	-0.00974729
0.06625	0.00375	-0.0097474
0.06875	0.00375	-0.00974752
0.07125	0.00375	-0.00974764
0.07375	0.00375	-0.00974776
0.07625	0.00375	-0.00974787
0.07875	0.00375	-0.00974798
0.08125	0.00375	-0.00974808
0.08375	0.00375	-0.00974816
0.08625	0.00375	-0.00974823
0.08875	0.00375	-0.00974827
0.09125	0.00375	-0.00974832
0.09375	0.00375	-0.00974828
0.09625	0.00375	-0.00974828
0.09875	0.00375	-0.00973786
0.00125	0.00625	0.0091571
0.00375	0.00625	0.00916811
0.00625	0.00625	0.00916813
0.00875	0.00625	0.00916826
0.01125	0.00625	0.0091683
0.01375	0.00625	0.00916836
0.01625	0.00625	0.00916841
0.01875	0.00625	0.00916847
0.02125	0.00625	0.00916854
0.02375	0.00625	0.00916861
0.02625	0.00625	0.00916869
0.02875	0.00625	0.00916877
0.03125	0.00625	0.00916886
0.03375	0.00625	0.00916893
0.03625	0.00625	0.00916901
0.03875	0.00625	0.00916908
0.04125	0.00625	0.00916914
0.04375	0.00625	0.00916919
0.04625	0.00625	0.00916923
0.04875	0.00625	0.00916925
0.05125	0.00625	0.00916925
0.05375	0.00625	0.00916923
0.05625	0.00625	0.00916919
0.05875	0.00625	0.00916914
0.06125	0.00625	0.00916908
0.06375	0.00625	0.00916901
0.06625	0.00625	0.00916893
0.06875	0.00625	0.00916886
0.07125	0.00625	0.00916877
0.07375	0.00625	0.00916869
0.07625	0.00625	0.00916861
0.07875	0.00625	0.00916854
0.08125	0.00625	0.00916847
0.08375	0.00625	0.00916841
0.08625	0.00625	0.00916836
0.08875	0.00625	0.0091683
0.09125	0.00625	0.00916826
0.09375	0.00625	0.00916813
0.09625	0.00625	0.00916811
0.09875	0.00625	0.0091571
0.00125	0.00875	-0.00897504
0.00375	0.00875	-0.00898427
0.00625	0.00875	-0.00898424
0.00875	0.00875	-0.00898437
0.01125	0.00875	-0.00898427
0.01375	0.00875	-0.00898421
0.01625	0.00875	-0.00898406
0.01875	0.00875	-0.00898389
0.02125	0.00875	-0.00898369
0.02375	0.00875	-0.00898347
0.02625	0.00875	-0.00898323
0.02875	0.00875	-0.00898299
0.03125	0.00875	-0.00898273
0.03375	0.00875	-0.00898248
0.03625	0.00875	-0.00898224
0.03875	0.00875	-0.00898202
0.04125	0.00875	-0.00898183
0.04375	0.00875	-0.00898167
0.04625	0.00875	-0.00898155
0.04875	0.00875	-0.00898148
0.05125	0.00875	-0.00898148
0.05375	0.00875	-0.00898155
0.05625	0.00875	-0.00898167
0.05875	0.00875	-0.00898183
0.06125	0.00875	-0.00898202
0.06375	0.00875	-0.00898224
0.06625	0.00875	-0.00898248
0.06875	0.00875	-0.00898273
0.07125	0.00875	-0.00898299
0.07375	0.00875	-0.00898323
0.07625	0.00875	-0.00898347
0.07875	0.00875	-0.00898369
0.08125	0.00875	-0.00898389
0.08375	0.00875	-0.00898406
0.08625	0.00875	-0.00898421
0.08875	0.00875	-0.00898427
0.09125	0.00875	-0.00898437
0.09375	0.00875	-0.00898424
0.09625	0.00875	-0.00898427
0.09875	0.00875	-0.00897504
0.00125	0.01125	0.00917658
0.00375	0.01125	0.00918772
0.00625	0.01125	0.00918777
0.00875	0.01125	0.00918796
0.01125	0.01125	0.00918803
0.01375	0.01125	0.00918815
0.01625	0.01125	0.00918826
0.01875	0.01125	0.00918839
0.02125	0.01125	0.00918853
0.02375	0.01125	0.00918868
0.02625	0.01125	0.00918885
0.02875	0.01125	0.00918902
0.03125	0.01125	0.00918919
0.03375	0.01125	0.00918936
0.03625	0.01125	0.00918952
0.03875	0.01125	0.00918967
0.04125	0.01125	0.0091898
0.04375	0.01125	0.0091899
0.04625	0.01125	0.00918998
0.04875	0.01125	0.00919002
0.05125	0.01125	0.00919002
0.05375	0.01125	0.00918998
0.05625	0.01125	0.0091899
0.05875	0.01125	0.0091898
0.06125	0.01125	0.00918967
0.06375	0.01125	0.00918952
0.06625	0.01125	0.00918936
0.06875	0.01125	0.00918919
0.07125	0.01125	0.00918902
0.07375	0.01125	0.00918885
0.07625	0.01125	0.00918868
0.07875	0.01125	0.00918853
0.08125	0.01125	0.00918839
0.08375	0.01125	0.00918826
0.08625	0.01125	0.00918815
0.08875	0.01125	0.00918803
0.09125	0.01125	0.00918796
0.09375	0.01125	0.00918777
0.09625	0.01125	0.00918772
0.09875	0.01125	0.00917658
0.00125	0.01375	-0.00977532
0.00375	0.01375	-0.00978546
0.00625	0.01375	-0.00978539
0.00875	0.01375	-0.00978525
0.01125	0.01375	-0.00978509
0.01375	0.01375	-0.00978491
0.01625	0.01375	-0.00978466
0.01875	0.01375	-0.00978437
0.02125	0.01375	-0.00978404
0.02375	0.01375	-0.00978367
0.02625	0.01375	-0.00978327
0.02875	0.01375	-0.00978285
0.03125	0.01375	-0.00978242
0.03375	0.01375	-0.00978198
0.03625	0.01375	-0.00978158
0.03875	0.01375	-0.00978119
0.04125	0.01375	-0.00978086
0.04375	0.01375	-0.00978059
0.04625	0.01375	-0.00978039
0.04875	0.01375	-0.00978028
0.05125	0.01375	-0.00978028
0.05375	0.01375	-0.00978039
0.05625	0.01375	-0.00978059
0.05875	0.01375	-0.00978086
0.06125	0.01375	-0.00978119
0.06375	0.01375	-0.00978158
0.06625	0.01375	-0.00978198
0.06875	0.01375	-0.00978242
0.07125	0.01375	-0.00978285
0.07375	0.01375	-0.00978327
0.07625	0.01375	-0.00978367
0.07875	0.01375	-0.00978404
0.08125	0.01375	-0.00978437
0.08375	0.01375	-0.00978466
0.08625	0.01375	-0.00978491
0.08875	0.01375	-0.00978509
0.09125	0.01375	-0.00978525
0.09375	0.01375	-0.00978539
0.09625	0.01375	-0.00978546
0.09875	0.01375	-0.00977532
0.00125	0.01625	0.0107485
0.00375	0.01625	0.0107617
0.00625	0.01625	0.0107618
0.00875	0.01625	0.0107617
0.01125	0.01625	0.0107618
0.01375	0.01625	0.0107618
0.01625	0.01625	0.010762
0.01875	0.01625	0.0107622
0.02125	0.01625	0.0107624
0.02375	0.01625	0.0107626
0.02625	0.01625	0.0107629
0.02875	0.01625	0.0107632
0.03125	0.01625	0.0107634
0.03375	0.01625	0.0107637
0.03625	0.01625	0.010764
0.03875	0.01625	0.0107642
0.04125	0.01625	0.0107644
0.04375	0.01625	0.0107646
0.04625	0.01625	0.0107647
0.04875	0.01625	0.0107647
0.05125	0.01625	0.0107647
0.05375	0.01625	0.0107647
0.05625	0.01625	0.0107646
0.05875	0.01625	0.0107644
0.06125	0.01625	0.0107642
0.06375	0.01625	0.010764
0.06625	0.01625	0.0107637
0.06875	0.01625	0.0107634
0.07125	0.01625	0.0107632
0.07375	0.01625	0.0107629
0.07625	0.01625	0.0107626
0.07875	0.01625	0.0107624
0.08125	0.01625	0.0107622
0.08375	0.01625	0.010762
0.08625	0.01625	0.0107618
0.08875	0.01625	0.0107618
0.09125	0.01625	0.0107617
0.09375	0.01625	0.0107618
0.09625	0.01625	0.0107617
0.09875	0.01625	0.0107485
0.00125	0.01875	-0.0101761
0.00375	0.01875	-0.0101902
0.00625	0.01875	-0.0101903
0.00875	0.01875	-0.0101906
0.01125	0.01875	-0.0101906
0.01375	0.01875	-0.0101907
0.01625	0.01875	-0.0101907
0.01875	0.01875	-0.0101908
0.02125	0.01875	-0.0101907
0.02375	0.01875	-0.0101907
0.02625	0.01875	-0.0101906
0.02875	0.01875	-0.0101905
0.03125	0.01875	-0.0101904
0.03375	0.01875	-0.0101902
0.03625	0.01875	-0.01019
0.03875	0.01875	-0.0101897
0.04125	0.01875	-0.0101894
0.04375	0.01875	-0.0101892
0.04625	0.01875	-0.010189
0.04875	0.01875	-0.0101889
0.05125	0.01875	-0.0101889
0.05375	0.01875	-0.010189
0.05625	0.01875	-0.0101892
0.05875	0.01875	-0.0101894
0.06125	0.01875	-0.0101897
0.06375	0.01875	-0.01019
0.06625	0.01875	-0.0101902
0.06875	0.01875	-0.0101904
0.07125	0.01875	-0.0101905
0.07375	0.01875	-0.0101906
0.07625	0.01875	-0.0101907
0.07875	0.01875	-0.0101907
0.08125	0.01875	-0.0101908
0.08375	0.01875	-0.0101907
0.08625	0.01875	-0.0101907
0.08875	0.01875	-0.0101906
0.09125	0.01875	-0.0101906
0.09375	0.01875	-0.0101903
0.09625	0.01875	-0.0101902
0.09875	0.01875	-0.0101761
0.00125	0.02125	0.00750078
0.00375	0.02125	0.00759395
0.00625	0.02125	0.00760983
0.00875	0.02125	0.00762486
0.01125	0.02125	0.00765866
0.01375	0.02125	0.0077001
0.01625	0.02125	0.00775337
0.01875	0.02125	0.00781598
0.02125	0.02125	0.00788857
0.02375	0.02125	0.00797011
0.02625	0.02125	0.00805937
0.02875	0.02125	0.00815526
0.03125	0.02125	0.00825461
0.03375	0.02125	0.00835602
0.03625	0.02125	0.00845284
0.03875	0.02125	0.00854548
0.04125	0.02125	0.00862331
0.04375	0.02125	0.0086897
0.04625	0.02125	0.00873302
0.04875	0.02125	0.00875712
0.05125	0.02125	0.00875712
0.05375	0.02125	0.00873302
0.05625	0.02125	0.0086897
0.05875	0.02125	0.00862331
0.06125	0.02125	0.00854548
0.06375	0.02125	0.00845284
0.06625	0.02125	0.00835602
0.06875	0.02125	0.00825461
0.07125	0.02125	0.00815526
0.07375	0.02125	0.00805937
0.07625	0.02125	0.00797011
0.07875	0.02125	0.00788857
0.08125	0.02125	0.00781598
0.08375	0.02125	0.00775337
0.08625	0.02125	0.0077001
0.08875	0.02125	0.00765866
0.09125	0.02125	0.00762486
0.09375	0.02125	0.00760983
0.09625	0.02125	0.00759395
0.09875	0.02125	0.00750078
0.00125	0.02375	-0.00721503
0.00375	0.02375	-0.00727828
0.00625	0.02375	-0.00724964
0.00875	0.02375	-0.00720178
0.01125	0.02375	-0.00714334
0.01375	0.02375	-0.00706813
0.01625	0.02375	-0.00697737
0.01875	0.02375	-0.00686932
0.02125	0.02375	-0.00674427
0.02375	0.02375	-0.00660228
0.02625	0.02375	-0.00644486
0.02875	0.02375	-0.00627411
0.03125	0.02375	-0.00609462
0.03375	0.02375	-0.00590956
0.03625	0.02375	-0.00572862
0.03875	0.02375	-0.00555382
0.04125	0.02375	-0.00540255
0.04375	0.02375	-0.00527447
0.04625	0.02375	-0.0051878
0.04875	0.02375	-0.00514034
0.05125	0.02375	-0.00514034
0.05375	0.02375	-0.0051878
0.05625	0.02375	-0.00527447
0.05875	0.02375	-0.00540255
0.06125	0.02375	-0.00555382
0.06375	0.02375	-0.00572862
0.06625	0.02375	-0.00590956
0.06875	0.02375	-0.00609462
0.07125	0.02375	-0.00627411
0.07375	0.02375	-0.00644486
0.07625	0.02375	-0.00660228
0.07875	0.02375	-0.00674427
0.08125	0.02375	-0.00686932
0.08375	0.02375	-0.00697737
0.08625	0.02375	-0.00706813
0.08875	0.02375	-0.00714334
0.09125	0.02375	-0.00720178
0.09375	0.02375	-0.00724964
0.09625	0.02375	-0.00727828
0.09875	0.02375	-0.00721503
0.00125	0.02625	0.00347378
0.00375	0.02625	0.00354909
0.00625	0.02625	0.00359314
0.00875	0.02625	0.00365752
0.01125	0.02625	0.00374868
0.01375	0.02625	0.00386461
0.01625	0.02625	0.00400812
0.01875	0.02625	0.00417901
0.02125	0.02625	0.00437795
0.02375	0.02625	0.00460315
0.02625	0.02625	0.00485249
0.02875	0.02625	0.00512305
0.03125	0.02625	0.0054066
0.03375	0.02625	0.00569996
0.03625	0.02625	0.00598204
0.03875	0.02625	0.00625637
0.04125	0.02625	0.00648633
0.04375	0.02625	0.00668785
0.04625	0.02625	0.00681649
0.04875	0.02625	0.00689105
0.05125	0.02625	0.00689105
0.05375	0.02625	0.00681649
0.05625	0.02625	0.00668785
0.05875	0.02625	0.00648633
0.06125	0.02625	0.00625637
0.06375	0.02625	0.00598204
0.06625	0.02625	0.00569996
0.06875	0.02625	0.0054066
0.07125	0.02625	0.00512305
0.07375	0.02625	0.00485249
0.07625	0.02625	0.00460315
0.07875	0.02625	0.00437795
0.08125	0.02625	0.00417901
0.08375	0.02625	0.00400812
0.08625	0.02625	0.00386461
0.08875	0.02625	0.00374868
0.09125	0.02625	0.00365752
0.09375	0.02625	0.00359314
0.09625	0.02625	0.00354909
0.09875	0.02625	0.00347378
0.00125	0.02875	-0.00565998
0.00375	0.02875	-0.00570258
0.00625	0.02875	-0.00564775
0.00875	0.02875	-0.00556322
0.01125	0.02875	-0.00544897
0.01375	0.02875	-0.00530198
0.01625	0.02875	-0.00512108
0.01875	0.02875	-0.00490419
0.02125	0.02875	-0.00465012
0.02375	0.02875	-0.00435882
0.02625	0.02875	-0.00403092
0.02875	0.02875	-0.00367228
0.03125	0.02875	-0.00328825
0.03375	0.02875	-0.00288772
0.03625	0.02875	-0.00249008
0.03875	0.02875	-0.0021035
0.04125	0.02875	-0.00176414
0.04375	0.02875	-0.00147205
0.04625	0.02875	-0.00127349
0.04875	0.02875	-0.00116193
0.05125	0.02875	-0.00116193
0.05375	0.02875	-0.00127349
0.05625	0.02875	-0.00147205
0.05875	0.02875	-0.00176414
0.06125	0.02875	-0.0021035
0.06375	0.02875	-0.00249008
0.06625	0.02875	-0.00288772
0.06875	0.02875	-0.00328825
0.07125	0.02875	-0.00367228
0.07375	0.02875	-0.00403092
0.07625	0.02875	-0.00435882
0.07875	0.02875	-0.00465012
0.08125	0.02875	-0.00490419
0.08375	0.02875	-0.00512108
0.08625	0.02875	-0.00530198
0.08875	0.02875	-0.00544897
0.09125	0.02875	-0.00556322
0.09375	0.02875	-0.00564775
0.09625	0.02875	-0.00570258
0.09875	0.02875	-0.00565998
0.00125	0.03125	0.00045585
0.00375	0.03125	0.000499496
0.00625	0.03125	0.000568123
0.00875	0.03125	0.000673521
0.01125	0.03125	0.000817196
0.01375	0.03125	0.00100288
0.01625	0.03125	0.00123323
0.01875	0.03125	0.00151097
0.02125	0.03125	0.00183884
0.02375	0.03125	0.00221566
0.02625	0.03125	0.00264161
0.02875	0.03125	0.00310953
0.03125	0.03125	0.00360875
0.03375	0.03125	0.00413453
0.03625	0.03125	0.00464551
0.03875	0.03125	0.00516078
0.04125	0.03125	0.00558423
0.04375	0.03125	0.00597955
0.04625	0.03125	0.00621357
0.04875	0.03125	0.00636388
0.05125	0.03125	0.00636388
0.05375	0.03125	0.00621357
0.05625	0.03125	0.00597955
0.05875	0.03125	0.00558423
0.06125	0.03125	0.00516078
0.06375	0.03125	0.00464551
0.06625	0.03125	0.00413453
0.06875	0.03125	0.00360875
0.07125	0.03125	0.00310953
0.07375	0.03125	0.00264161
0.07625	0.03125	0.00221566
0.07875	0.03125	0.00183884
0.08125	0.03125	0.00151097
0.08375	0.03125	0.00123323
0.08625	0.03125	0.00100288
0.08875	0.03125	0.000817196
0.09125	0.03125	0.000673521
0.09375	0.03125	0.000568123
0.09625	0.03125	0.000499496
0.09875	0.03125	0.00045585
0.00125	0.03375	-0.00512744
0.00375	0.03375	-0.00515412
0.00625	0.03375	-0.00507761
0.00875	0.03375	-0.00495995
0.01125	0.03375	-0.00479735
0.01375	0.03375	-0.00458568
0.01625	0.03375	-0.00432068
0.01875	0.03375	-0.00399827
0.02125	0.03375	-0.00361241
0.02375	0.03375	-0.00316517
0.02625	0.03375	-0.00264839
0.02875	0.03375	-0.00207536
0.03125	0.03375	-0.00143955
0.03375	0.03375	-0.000771531
0.03625	0.03375	-8.17413e-05
0.03875	0.03375	0.000595716
0.04125	0.03375	0.00121347
0.04375	0.03375	0.00175489
0.04625	0.03375	0.00213067
0.04875	0.03375	0.00235103
0.05125	0.03375	0.00235103
0.05375	0.03375	0.00213067
0.05625	0.03375	0.00175489
0.05875	0.03375	0.00121347
0.06125	0.03375	0.000595716
0.06375	0.03375	-8.17413e-05
0.06625	0.03375	-0.000771531
0.06875	0.03375	-0.00143955
0.07125	0.03375	-0.00207536
0.07375	0.03375	-0.00264839
0.07625	0.03375	-0.00316517
0.07875	0.03375	-0.00361241
0.08125	0.03375	-0.00399827
0.08375	0.03375	-0.00432068
0.08625	0.03375	-0.00458568
0.08875	0.03375	-0.00479735
0.09125	0.03375	-0.00495995
0.09375	0.03375	-0.00507761
0.09625	0.03375	-0.00515412
0.09875	0.03375	-0.00512744
0.00125	0.03625	-0.00193958
0.00375	0.03625	-0.00192388
0.00625	0.03625	-0.00183772
0.00875	0.03625	-0.00170315
0.01125	0.03625	-0.00151831
0.01375	0.03625	-0.00127522
0.01625	0.03625	-0.000968307
0.01875	0.03625	-0.000591528
0.02125	0.03625	-0.000134709
0.02375	0.03625	0.000399266
0.02625	0.03625	0.00102391
0.02875	0.03625	0.00172271
0.03125	0.03625	0.0024943
0.03375	0.03625	0.00332866
0.03625	0.03625	0.00415404
0.03875	0.03625	0.00503324
0.04125	0.03625	0.00572569
0.04375	0.03625	0.00645688
0.04625	0.03625	0.00681664
0.04875	0.03625	0.00710703
0.05125	0.03625	0.00710703
0.05375	0.03625	0.00681664
0.05625	0.03625	0.00645688
0.05875	0.03625	0.00572569
0.06125	0.03625	0.00503324
0.06375	0.03625	0.00415404
0.06625	0.03625	0.00332866
0.06875	0.03625	0.0024943
0.07125	0.03625	0.00172271
0.07375	0.03625	0.00102391
0.07625	0.03625	0.000399266
0.07875	0.03625	-0.000134709
0.08125	0.03625	-0.000591528
0.08375	0.03625	-0.000968307
0.08625	0.03625	-0.00127522
0.08875	0.03625	-0.00151831
0.09125	0.03625	-0.00170315
0.09375	0.03625	-0.00183772
0.09625	0.03625	-0.00192388
0.09875	0.03625	-0.00193958
0.00125	0.03875	-0.00536854
0.00375	0.03875	-0.00539494
0.00625	0.03875	-0.00530607
0.00875	0.03875	-0.00516699
0.01125	0.03875	-0.00497245
0.01375	0.03875	-0.00471384
0.01625	0.03875	-0.00438244
0.01875	0.03875	-0.00397082
0.02125	0.03875	-0.00346094
0.02375	0.03875	-0.0028603
0.02625	0.03875	-0.00213264
0.02875	0.03875	-0.00132054
0.03125	0.03875	-0.000360635
0.03375	0.03875	0.000647174
0.03625	0.03875	0.00177409
0.03875	0.03875	0.00287368
0.04125	0.03875	0.00396905
0.04375	0.03875	0.00493249
0.04625	0.03875	0.00564728
0.04875	0.03875	0.00609672
0.05125	0.03875	0.00609672
0.05375	0.03875	0.00564728
0.05625	0.03875	0.00493249
0.05875	0.03875	0.00396905
0.06125	0.03875	0.00287368
0.06375	0.03875	0.00177409
0.06625	0.03875	0.000647174
0.06875	0.03875	-0.000360635
0.07125	0.03875	-0.00132054
0.07375	0.03875	-0.00213264
0.07625	0.03875	-0.0028603
0.07875	0.03875	-0.00346094
0.08125	0.03875	-0.00397082
0.08375	0.03875	-0.00438244
0.08625	0.03875	-0.00471384
0.08875	0.03875	-0.00497245
0.09125	0.03875	-0.00516699
0.09375	0.03875	-0.00530607
0.09625	0.03875	-0.00539494
0.09875	0.03875	-0.00536854
0.00125	0.04125	-0.00399652
0.00375	0.04125	-0.00400946
0.00625	0.04125	-0.00391842
0.00875	0.04125	-0.00377318
0.01125	0.04125	-0.00356978
0.01375	0.04125	-0.00329511
0.01625	0.04125	-0.00293735
0.01875	0.04125	-0.0024868
0.02125	0.04125	-0.00191564
0.02375	0.04125	-0.00123457
0.02625	0.04125	-0.000390799
0.02875	0.04125	0.000568107
0.03125	0.04125	0.00169731
0.03375	0.04125	0.00294853
0.03625	0.04125	0.00423794
0.03875	0.04125	0.00571564
0.04125	0.04125	0.00680101
0.04375	0.04125	0.00821846
0.04625	0.04125	0.00865184
0.04875	0.04125	0.00924755
0.05125	0.04125	0.00924755
0.05375	0.04125	0.00865184
0.05625	0.04125	0.00821846
0.05875	0.04125	0.00680101
0.06125	0.04125	0.00571564
0.06375	0.04125	0.00423794
0.06625	0.04125	0.00294853
0.06875	0.04125	0.00169731
0.07125	0.04125	0.000568107
0.07375	0.04125	-0.000390799
0.07625	0.04125	-0.00123457
0.07875	0.04125	-0.00191564
0.08125	0.04125	-0.0024868
0.08375	0.04125	-0.00293735
0.08625	0.04125	-0.00329511
0.08875	0.04125	-0.00356978
0.09125	0.04125	-0.00377318
0.09375	0.04125	-0.00391842
0.09625	0.04125	-0.00400946
0.09875	0.04125	-0.00399652
0.00125	0.04375	-0.00619208
0.00375	0.04375	-0.00623534
0.00625	0.04375	-0.00615051
0.00875	0.04375	-0.00601335
0.01125	0.04375	-0.00581773
0.01375	0.04375	-0.00554838
0.01625	0.04375	-0.00518991
0.01875	0.04375	-0.00473102
0.02125	0.04375	-0.00413021
0.02375	0.04375	-0.00341027
0.02625	0.04375	-0.00246753
0.02875	0.04375	-0.00141948
0.03125	0.04375	-4.10984e-05
0.03375	0.04375	0.00136599
0.03625	0.04375	0.00318881
0.03875	0.04375	0.00487765
0.04125	0.04375	0.00689633
0.04375	0.04375	0.00859902
0.04625	0.04375	0.0100851
0.04875	0.04375	0.0111444
0.05125	0.04375	0.0111444
0.05375	0.04375	0.0100851
0.05625	0.04375	0.00859902
0.05875	0.04375	0.00689633
0.06125	0.04375	0.00487765
0.06375	0.04375	0.00318881
0.06625	0.04375	0.00136599
0.06875	0.04375	-4.10984e-05
0.07125	0.04375	-0.00141948
0.07375	0.04375	-0.00246753
0.07625	0.04375	-0.00341027
0.07875	0.04375	-0.00413021
0.08125	0.04375	-0.00473102
0.08375	0.04375	-0.00518991
0.08625	0.04375	-0.00554838
0.08875	0.04375	-0.00581773
0.09125	0.04375	-0.00601335
0.09375	0.04375	-0.00615051
0.09625	0.04375	-0.00623534
0.09875	0.04375	-0.00619208
0.00125	0.04625	-0.00590828
0.00375	0.04625	-0.00595776
0.00625	0.04625	-0.00588268
0.00875	0.04625	-0.00575726
0.01125	0.04625	-0.00557559
0.01375	0.04625	-0.00531782
0.01625	0.04625	-0.00496321
0.01875	0.04625	-0.00449829
0.02125	0.04625	-0.00386317
0.02375	0.04625	-0.00308887
0.02625	0.04625	-0.00203108
0.02875	0.04625	-0.000825831
0.03125	0.04625	0.000773562
0.03375	0.04625	0.00254478
0.03625	0.04625	0.0045802
0.03875	0.04625	0.00706001
0.04125	0.04625	0.00878124
0.04375	0.04625	0.0118348
0.04625	0.04625	0.0118686
0.04875	0.04625	0.0132093
0.05125	0.04625	0.0132093
0.05375	0.04625	0.0118686
0.05625	0.04625	0.0118348
0.05875	0.04625	0.00878124
0.06125	0.04625	0.00706001
0.06375	0.04625	0.0045802
0.06625	0.04625	0.00254478
0.06875	0.04625	0.000773562
0.07125	0.04625	-0.000825831
0.07375	0.04625	-0.00203108
0.07625	0.04625	-0.00308887
0.07875	0.04625	-0.00386317
0.08125	0.04625	-0.00449829
0.08375	0.04625	-0.00496321
0.08625	0.04625	-0.00531782
0.08875	0.04625	-0.00557559
0.09125	0.04625	-0.00575726
0.09375	0.04625	-0.00588268
0.09625	0.04625	-0.00595776
0.09875	0.04625	-0.00590828
0.00125	0.04875	-0.00743344
0.00375	0.04875	-0.00751202
0.00625	0.04875	-0.0074564
0.00875	0.04875	-0.00735868
0.01125	0.04875	-0.00721245
0.01375	0.04875	-0.00699489
0.01625	0.04875	-0.00668297
0.01875	0.04875	-0.00626122
0.02125	0.04875	-0.00565407
0.02375	0.04875	-0.0049109
0.02625	0.04875	-0.00380967
0.02875	0.04875	-0.00261166
0.03125	0.04875	-0.000744453
0.03375	0.04875	0.00101858
0.03625	0.04875	0.00394253
0.03875	0.04875	0.00629133
0.04125	0.04875	0.0102399
0.04375	0.04875	0.0131076
0.04625	0.04875	0.016644
0.04875	0.04875	0.0197909
0.05125	0.04875	0.0197909
0.05375	0.04875	0.016644
0.05625	0.04875	0.0131076
0.05875	0.04875	0.0102399
0.06125	0.04875	0.00629133
0.06375	0.04875	0.00394253
0.06625	0.04875	0.00101858
0.06875	0.04875	-0.000744453
0.07125	0.04875	-0.00261166
0.07375	0.04875	-0.00380967
0.07625	0.04875	-0.0049109
0.07875	0.04875	-0.00565407
0.08125	0.04875	-0.00626122
0.08375	0.04875	-0.00668297
0.08625	0.04875	-0.00699489
0.08875	0.04875	-0.00721245
0.09125	0.04875	-0.00735868
0.09375	0.04875	-0.0074564
0.09625	0.04875	-0.00751202
0.09875	0.04875	-0.00743344
0.00125	0.05125	-0.00777504
0.00375	0.05125	-0.00787529
0.00625	0.05125	-0.00784653
0.00875	0.05125	-0.00778679
0.01125	0.05125	-0.00769017
0.01375	0.05125	-0.00752873
0.01625	0.05125	-0.00727554
0.01875	0.05125	-0.00690921
0.02125	0.05125	-0.00633309
0.02375	0.05125	-0.00560453
0.02625	0.05125	-0.00442494
0.02875	0.05125	-0.00311794
0.03125	0.05125	-0.000940636
0.03375	0.05125	0.00126935
0.03625	0.05125	0.00465827
0.03875	0.05125	0.00855579
0.04125	0.05125	0.0117823
0.04375	0.05125	0.019365
0.04625	0.05125	0.0165213
0.04875	0.05125	0.0197427
0.05125	0.05125	0.0197427
0.05375	0.05125	0.0165213
0.05625	0.05125	0.019365
0.05875	0.05125	0.0117823
0.06125	0.05125	0.00855579
0.06375	0.05125	0.00465827
0.06625	0.05125	0.00126935
0.06875	0.05125	-0.000940636
0.07125	0.05125	-0.00311794
0.07375	0.05125	-0.00442494
0.07625	0.05125	-0.00560453
0.07875	0.05125	-0.00633309
0.08125	0.05125	-0.00690921
0.08375	0.05125	-0.00727554
0.08625	0.05125	-0.00752873
0.08875	0.05125	-0.00769017
0.09125	0.05125	-0.00778679
0.09375	0.05125	-0.00784653
0.09625	0.05125	-0.00787529
0.09875	0.05125	-0.00777504
0.00125	0.05375	-0.00892404
0.00375	0.05375	-0.00905766
0.00625	0.05375	-0.00906445
0.00875	0.05375	-0.009058
0.01125	0.05375	-0.00903232
0.01375	0.05375	-0.00895953
0.01625	0.05375	-0.00881128
0.01875	0.05375	-0.00856721
0.02125	0.05375	-0.00812213
0.02375	0.05375	-0.00754546
0.02625	0.05375	-0.00648807
0.02875	0.05375	-0.00537191
0.03125	0.05375	-0.00314262
0.03375	0.05375	-0.0013078
0.03625	0.05375	0.00308343
0.03875	0.05375	0.00563765
0.04125	0.05375	0.0136524
0.04375	0.05375	0.0171028
0.04625	0.05375	0.0268624
0.04875	0.05375	0.0388546
0.05125	0.05375	0.0388546
0.05375	0.05375	0.0268624
0.05625	0.05375	0.0171028
0.05875	0.05375	0.0136524
0.06125	0.05375	0.00563765
0.06375	0.05375	0.00308343
0.06625	0.05375	-0.0013078
0.06875	0.05375	-0.00314262
0.07125	0.05375	-0.00537191
0.07375	0.05375	-0.00648807
0.07625	0.05375	-0.00754546
0.07875	0.05375	-0.00812213
0.08125	0.05375	-0.00856721
0.08375	0.05375	-0.00881128
0.08625	0.05375	-0.00895953
0.08875	0.05375	-0.00903232
0.09125	0.05375	-0.009058
0.09375	0.05375	-0.00906445
0.09625	0.05375	-0.00905766
0.09875	0.05375	-0.00892404
0.00125	0.05625	-0.00959858
0.00375	0.05625	-0.00976729
0.00625	0.05625	-0.00982247
0.00875	0.05625	-0.00988759
0.01125	0.05625	-0.00996127
0.01375	0.05625	-0.0100068
0.01625	0.05625	-0.0100088
0.01875	0.05625	-0.00991636
0.02125	0.05625	-0.00964846
0.02375	0.05625	-0.00921798
0.02625	0.05625	-0.00824776
0.02875	0.05625	-0.00721311
0.03125	0.05625	-0.00459728
0.03375	0.05625	-0.00271564
0.03625	0.05625	0.00330954
0.03875	0.05625	0.00711362
0.04125	0.05625	0.0167092
0.04375	0.05625	0.0388942
0.04625	0.05625	0.0214725
0.04875	0.05625	0.0289159
0.05125	0.05625	0.0289159
0.05375	0.05625	0.0214725
0.05625	0.05625	0.0388942
0.05875	0.05625	0.0167092
0.06125	0.05625	0.00711362
0.06375	0.05625	0.00330954
0.06625	0.05625	-0.00271564
0.06875	0.05625	-0.00459728
0.07125	0.05625	-0.00721311
0.07375	0.05625	-0.00824776
0.07625	0.05625	-0.00921798
0.07875	0.05625	-0.00964846
0.08125	0.05625	-0.00991636
0.08375	0.05625	-0.0100088
0.08625	0.05625	-0.0100068
0.08875	0.05625	-0.00996127
0.09125	0.05625	-0.00988759
0.09375	0.05625	-0.00982247
0.09625	0.05625	-0.00976729
0.09875	0.05625	-0.00959858
0.00125	0.05875	-0.0104615
0.00375	0.05875	-0.0106686
0.00625	0.05875	-0.0107738
0.00875	0.05875	-0.010919
0.01125	0.05875	-0.0110961
0.01375	0.05875	-0.0112856
0.01625	0.05875	-0.0114525
0.01875	0.05875	-0.0115835
0.02125	0.05875	-0.0115619
0.02375	0.05875	-0.0114489
0.02625	0.05875	-0.010878
0.02875	0.05875	-0.0102271
0.03125	0.05875	-0.00837795
0.03375	0.05875	-0.00689089
0.03625	0.05875	-0.00195247
0.03875	0.05875	-0.000414983
0.04125	0.05875	0.015031
0.04375	0.05875	0.00837353
0.04625	0.05875	0.0391704
0.04875	0.05875	0.0943012
0.05125	0.05875	0.0943012
0.05375	0.05875	0.0391704
0.05625	0.05875	0.00837353
0.05875	0.05875	0.015031
0.06125	0.05875	-0.000414983
0.06375	0.05875	-0.00195247
0.06625	0.05875	-0.00689089
0.06875	0.05875	-0.00837795
0.07125	0.05875	-0.0102271
0.07375	0.05875	-0.010878
0.07625	0.05875	-0.0114489
0.07875	0.05875	-0.0115619
0.08125	0.05875	-0.0115835
0.08375	0.05875	-0.0114525
0.08625	0.05875	-0.0112856
0.08875	0.05875	-0.0110961
0.09125	0.05875	-0.010919
0.09375	0.05875	-0.0107738
0.09625	0.05875	-0.0106686
0.09875	0.05875	-0.0104615
0.00125	0.06125	-0.0112822
0.00375	0.06125	-0.0115348
0.00625	0.06125	-0.0117099
0.00875	0.06125	-0.0119609
0.01125	0.06125	-0.0122947
0.01375	0.06125	-0.0126719
0.01625	0.06125	-0.0131213
0.01875	0.06125	-0.0135183
0.02125	0.06125	-0.0139659
0.02375	0.06125	-0.014143
0.02625	0.06125	-0.0142339
0.02875	0.06125	-0.0138427
0.03125	0.06125	-0.0122718
0.03375	0.06125	-0.0121256
0.03625	0.06125	-0.00318181
0.03875	0.06125	-0.0158682
0.04125	0.06125	0.029408
0.04375	0.06125	0.107671
0.04625	0.06125	0.0311632
0.04875	0.06125	0.0491274
0.05125	0.06125	0.0491274
0.05375	0.06125	0.0311632
0.05625	0.06125	0.107671
0.05875	0.06125	0.029408
0.06125	0.06125	-0.0158682
0.06375	0.06125	-0.00318181
0.06625	0.06125	-0.0121256
0.06875	0.06125	-0.0122718
0.07125	0.06125	-0.0138427
0.07375	0.06125	-0.0142339
0.07625	0.06125	-0.014143
0.07875	0.06125	-0.0139659
0.08125	0.06125	-0.0135183
0.08375	0.06125	-0.0131213
0.08625	0.06125	-0.0126719
0.08875	0.06125	-0.0122947
0.09125	0.06125	-0.0119609
0.09375	0.06125	-0.0117099
0.09625	0.06125	-0.0115348
0.09875	0.06125	-0.0112822
0.00125	0.06375	-0.0117892
0.00375	0.06375	-0.0120814
0.00625	0.06375	-0.0123127
0.00875	0.06375	-0.0126634
0.01125	0.06375	-0.0131123
0.01375	0.06375	-0.0136831
0.01625	0.06375	-0.0143061
0.01875	0.06375	-0.0150474
0.02125	0.06375	-0.0157205
0.02375	0.06375	-0.0164919
0.02625	0.06375	-0.0169524
0.02875	0.06375	-0.0173343
0.03125	0.06375	-0.0173838
0.03375	0.06375	-0.0158817
0.03625	0.06375	-0.0175547
0.03875	0.06375	-0.00782644
0.04125	0.06375	0.0179684
0.04375	0.06375	0.0474968
0.04625	0.06375	0.0690095
0.04875	0.06375	0.0694755
0.05125	0.06375	0.0694755
0.05375	0.06375	0.0690095
0.05625	0.06375	0.0474968
0.05875	0.06375	0.0179684
0.06125	0.06375	-0.00782644
0.06375	0.06375	-0.0175547
0.06625	0.06375	-0.0158817
0.06875	0.06375	-0.0173838
0.07125	0.06375	-0.0173343
0.07375	0.06375	-0.0169524
0.07625	0.06375	-0.0164919
0.07875	0.06375	-0.0157205
0.08125	0.06375	-0.0150474
0.08375	0.06375	-0.0143061
0.08625	0.06375	-0.0136831
0.08875	0.06375	-0.0131123
0.09125	0.06375	-0.0126634
0.09375	0.06375	-0.0123127
0.09625	0.06375	-0.0120814
0.09875	0.06375	-0.0117892
0.00125	0.06625	-0.0126466
0.00375	0.06625	-0.0129882
0.00625	0.06625	-0.0133005
0.00875	0.06625	-0.0137777
0.01125	0.06625	-0.014423
0.01375	0.06625	-0.0152343
0.01625	0.06625	-0.0162698
0.01875	0.06625	-0.0173783
0.02125	0.06625	-0.0189425
0.02375	0.06625	-0.020037
0.02625	0.06625	-0.0225371
0.02875	0.06625	-0.022012
0.03125	0.06625	-0.0268655
0.03375	0.06625	-0.0168971
0.03625	0.06625	-0.0296917
0.03875	0.06625	0.00380228
0.04125	0.06625	0.0685372
0.04375	0.06625	0.0690103
0.04625	0.06625	0.0682
0.04875	0.06625	0.0676848
0.05125	0.06625	0.0676848
0.05375	0.06625	0.0682
0.05625	0.06625	0.0690103
0.05875	0.06625	0.0685372
0.06125	0.06625	0.00380228
0.06375	0.06625	-0.0296917
0.06625	0.06625	-0.0168971
0.06875	0.06625	-0.0268655
0.07125	0.06625	-0.022012
0.07375	0.06625	-0.0225371
0.07625	0.06625	-0.020037
0.07875	0.06625	-0.0189425
0.08125	0.06625	-0.0173783
0.08375	0.06625	-0.0162698
0.08625	0.06625	-0.0152343
0.08875	0.06625	-0.014423
0.09125	0.06625	-0.0137777
0.09375	0.06625	-0.0133005
0.09625	0.06625	-0.0129882
0.09875	0.06625	-0.0126466
0.00125	0.06875	-0.0125981
0.00375	0.06875	-0.012971
0.00625	0.06875	-0.0133353
0.00875	0.06875	-0.0139115
0.01125	0.06875	-0.0146589
0.01375	0.06875	-0.0156776
0.01625	0.06875	-0.0168299
0.01875	0.06875	-0.0183811
0.02125	0.06875	-0.0198755
0.02375	0.06875	-0.0221259
0.02625	0.06875	-0.0234965
0.02875	0.06875	-0.0268667
0.03125	0.06875	-0.0261832
0.03375	0.06875	-0.0322141
0.03625	0.06875	-0.019869
0.03875	0.06875	0.0180142
0.04125	0.06875	0.0683059
0.04375	0.06875	0.0675803
0.04625	0.06875	0.0685314
0.04875	0.06875	0.0684043
0.05125	0.06875	0.0684043
0.05375	0.06875	0.0685314
0.05625	0.06875	0.0675803
0.05875	0.06875	0.0683059
0.06125	0.06875	0.0180142
0.06375	0.06875	-0.019869
0.06625	0.06875	-0.0322141
0.06875	0.06875	-0.0261832
0.07125	0.06875	-0.0268667
0.07375	0.06875	-0.0234965
0.07625	0.06875	-0.0221259
0.07875	0.06875	-0.0198755
0.08125	0.06875	-0.0183811
0.08375	0.06875	-0.0168299
0.08625	0.06875	-0.0156776
0.08875	0.06875	-0.0146589
0.09125	0.06875	-0.0139115
0.09375	0.06875	-0.0133353
0.09625	0.06875	-0.012971
0.09875	0.06875	-0.0125981
0.00125	0.07125	-0.0134758
0.00375	0.07125	-0.0138908
0.00625	0.07125	-0.014322
0.00875	0.07125	-0.0150122
0.01125	0.07125	-0.0159282
0.01375	0.07125	-0.0171942
0.01625	0.07125	-0.0187306
0.01875	0.07125	-0.0207925
0.02125	0.07125	-0.0232418
0.02375	0.07125	-0.0266012
0.02625	0.07125	-0.0306672
0.02875	0.07125	-0.0368038
0.03125	0.07125	-0.0444812
0.03375	0.07125	-0.058634
0.03625	0.07125	-0.00195461
0.03875	0.07125	0.0683805
0.04125	0.07125	0.0684852
0.04375	0.07125	0.0684288
0.04625	0.07125	0.0683446
0.04875	0.07125	0.0682102
0.05125	0.07125	0.0682102
0.05375	0.07125	0.0683446
0.05625	0.07125	0.0684288
0.05875	0.07125	0.0684852
0.06125	0.07125	0.0683805
0.06375	0.07125	-0.00195461
0.06625	0.07125	-0.058634
0.06875	0.07125	-0.0444812
0.07125	0.07125	-0.0368038
0.07375	0.07125	-0.0306672
0.07625	0.07125	-0.0266012
0.07875	0.07125	-0.0232418
0.08125	0.07125	-0.0207925
0.08375	0.07125	-0.0187306
0.08625	0.07125	-0.0171942
0.08875	0.07125	-0.0159282
0.09125	0.07125	-0.0150122
0.09375	0.07125	-0.014322
0.09625	0.07125	-0.0138908
0.09875	0.07125	-0.0134758
0.00125	0.07375	-0.012559
0.00375	0.07375	-0.0129834
0.00625	0.07375	-0.0134576
0.00875	0.07375	-0.0142104
0.01125	0.07375	-0.0152253
0.01375	0.07375	-0.0166067
0.01625	0.07375	-0.0183164
0.01875	0.07375	-0.0205419
0.02125	0.07375	-0.0231953
0.02375	0.07375	-0.0266589
0.02625	0.07375	-0.0304001
0.02875	0.07375	-0.0358875
0.03125	0.07375	-0.0390956
0.03375	0.07375	-0.048085
0.03625	0.07375	0.00109659
0.03875	0.07375	0.0682637
0.04125	0.07375	0.0685134
0.04375	0.07375	0.0681715
0.04625	0.07375	0.0683884
0.04875	0.07375	0.0682794
0.05125	0.07375	0.0682794
0.05375	0.07375	0.0683884
0.05625	0.07375	0.0681715
0.05875	0.07375	0.0685134
0.06125	0.07375	0.0682637
0.06375	0.07375	0.00109659
0.06625	0.07375	-0.048085
0.06875	0.07375	-0.0390956
0.07125	0.07375	-0.0358875
0.07375	0.07375	-0.0304001
0.07625	0.07375	-0.0266589
0.07875	0.07375	-0.0231953
0.08125	0.07375	-0.0205419
0.08375	0.07375	-0.0183164
0.08625	0.07375	-0.0166067
0.08875	0.07375	-0.0152253
0.09125	0.07375	-0.0142104
0.09375	0.07375	-0.0134576
0.09625	0.07375	-0.0129834
0.09875	0.07375	-0.012559
0.00125	0.07625	-0.0135952
0.00375	0.07625	-0.0140426
0.00625	0.07625	-0.0145377
0.00875	0.07625	-0.0153396
0.01125	0.07625	-0.016396
0.01375	0.07625	-0.0178941
0.01625	0.07625	-0.0196554
0.01875	0.07625	-0.0221609
0.02125	0.07625	-0.0248327
0.02375	0.07625	-0.0289869
0.02625	0.07625	-0.0326448
0.02875	0.07625	-0.0397762
0.03125	0.07625	-0.0431452
0.03375	0.07625	-0.0544727
0.03625	0.07625	-0.00669078
0.03875	0.07625	0.0682151
0.04125	0.07625	0.068439
0.04375	0.07625	0.0681384
0.04625	0.07625	0.0684551
0.04875	0.07625	0.0683487
0.05125	0.07625	0.0683487
0.05375	0.07625	0.0684551
0.05625	0.07625	0.0681384
0.05875	0.07625	0.068439
0.06125	0.07625	0.0682151
0.06375	0.07625	-0.00669078
0.06625	0.07625	-0.0544727
0.06875	0.07625	-0.0431452
0.07125	0.07625	-0.0397762
0.07375	0.07625	-0.0326448
0.07625	0.07625	-0.0289869
0.07875	0.07625	-0.0248327
0.08125	0.07625	-0.0221609
0.08375	0.07625	-0.0196554
0.08625	0.07625	-0.0178941
0.08875	0.07625	-0.016396
0.09125	0.07625	-0.0153396
0.09375	0.07625	-0.0145377
0.09625	0.07625	-0.0140426
0.09875	0.07625	-0.0135952
0.00125	0.07875	-0.0113842
0.00375	0.07875	-0.0118065
0.00625	0.07875	-0.0123272
0.00875	0.07875	-0.0131375
0.01125	0.07875	-0.0142846
0.01375	0.07875	-0.0157814
0.01625	0.07875	-0.017855
0.01875	0.07875	-0.020266
0.02125	0.07875	-0.0240845
0.02375	0.07875	-0.0277192
0.02625	0.07875	-0.0358377
0.02875	0.07875	-0.0408497
0.03125	0.07875	-0.0621206
0.03375	0.07875	-0.0463735
0.03625	0.07875	0.0387298
0.03875	0.07875	0.0704549
0.04125	0.07875	0.0685632
0.04375	0.07875	0.0685963
0.04625	0.07875	0.068254
0.04875	0.07875	0.068139
0.05125	0.07875	0.068139
0.05375	0.07875	0.068254
0.05625	0.07875	0.0685963
0.05875	0.07875	0.0685632
0.06125	0.07875	0.0704549
0.06375	0.07875	0.0387298
0.06625	0.07875	-0.0463735
0.06875	0.07875	-0.0621206
0.07125	0.07875	-0.0408497
0.07375	0.07875	-0.0358377
0.07625	0.07875	-0.0277192
0.07875	0.07875	-0.0240845
0.08125	0.07875	-0.020266
0.08375	0.07875	-0.017855
0.08625	0.07875	-0.0157814
0.08875	0.07875	-0.0142846
0.09125	0.07875	-0.0131375
0.09375	0.07875	-0.0123272
0.09625	0.07875	-0.0118065
0.09875	0.07875	-0.0113842
0.00125	0.08125	-0.0129575
0.00375	0.08125	-0.0133857
0.00625	0.08125	-0.0138725
0.00875	0.08125	-0.0146472
0.01125	0.08125	-0.0156864
0.01375	0.08125	-0.0171193
0.01625	0.08125	-0.0188563
0.01875	0.08125	-0.0212052
0.02125	0.08125	-0.0238993
0.02375	0.08125	-0.0276432
0.02625	0.08125	-0.0318352
0.02875	0.08125	-0.0377558
0.03125	0.08125	-0.0452632
0.03375	0.08125	-0.0506641
0.03625	0.08125	-0.0132967
0.03875	0.08125	0.0516534
0.04125	0.08125	0.0682774
0.04375	0.08125	0.0674313
0.04625	0.08125	0.0687663
0.04875	0.08125	0.0686174
0.05125	0.08125	0.0686174
0.05375	0.08125	0.0687663
0.05625	0.08125	0.0674313
0.05875	0.08125	0.0682774
0.06125	0.08125	0.0516534
0.06375	0.08125	-0.0132967
0.06625	0.08125	-0.0506641
0.06875	0.08125	-0.0452632
0.07125	0.08125	-0.0377558
0.07375	0.08125	-0.0318352
0.07625	0.08125	-0.0276432
0.07875	0.08125	-0.0238993
0.08125	0.08125	-0.0212052
0.08375	0.08125	-0.0188563
0.08625	0.08125	-0.0171193
0.08875	0.08125	-0.0156864
0.09125	0.08125	-0.0146472
0.09375	0.08125	-0.0138725
0.09625	0.08125	-0.0133857
0.09875	0.08125	-0.0129575
0.00125	0.08375	-0.0089008
0.00375	0.08375	-0.00925796
0.00625	0.08375	-0.0097288
0.00875	0.08375	-0.0104559
0.01125	0.08375	-0.0114741
0.01375	0.08375	-0.0128055
0.01625	0.08375	-0.0145479
0.01875	0.08375	-0.0166699
0.02125	0.08375	-0.0194488
0.02375	0.08375	-0.02267
0.02625	0.08375	-0.0268225
0.02875	0.08375	-0.0317337
0.03125	0.08375	-0.0361844
0.03375	0.08375	-0.0430825
0.03625	0.08375	-0.00757172
0.03875	0.08375	0.0448229
0.04125	0.08375	0.0703133
0.04375	0.08375	0.0697827
0.04625	0.08375	0.0678076
0.04875	0.08375	0.0673339
0.05125	0.08375	0.0673339
0.05375	0.08375	0.0678076
0.05625	0.08375	0.0697827
0.05875	0.08375	0.0703133
0.06125	0.08375	0.0448229
0.06375	0.08375	-0.00757172
0.06625	0.08375	-0.0430825
0.06875	0.08375	-0.0361844
0.07125	0.08375	-0.0317337
0.07375	0.08375	-0.0268225
0.07625	0.08375	-0.02267
0.07875	0.08375	-0.0194488
0.08125	0.08375	-0.0166699
0.08375	0.08375	-0.0145479
0.08625	0.08375	-0.0128055
0.08875	0.08375	-0.0114741
0.09125	0.08375	-0.0104559
0.09375	0.08375	-0.0097288
0.09625	0.08375	-0.00925796
0.09875	0.08375	-0.0089008
0.00125	0.08625	-0.0116835
0.00375	0.08625	-0.0120488
0.00625	0.08625	-0.0124552
0.00875	0.08625	-0.0130802
0.01125	0.08625	-0.0139408
0.01375	0.08625	-0.0150591
0.01625	0.08625	-0.0164756
0.01875	0.08625	-0.0181949
0.02125	0.08625	-0.020333
0.02375	0.08625	-0.022781
0.02625	0.08625	-0.0258981
0.02875	0.08625	-0.0291929
0.03125	0.08625	-0.0335998
0.03375	0.08625	-0.03793
0.03625	0.08625	-0.0355841
0.03875	0.08625	0.0164762
0.04125	0.08625	0.0522565
0.04375	0.08625	0.0639318
0.04625	0.08625	0.0699848
0.04875	0.08625	0.0700489
0.05125	0.08625	0.0700489
0.05375	0.08625	0.0699848
0.05625	0.08625	0.0639318
0.05875	0.08625	0.0522565
0.06125	0.08625	0.0164762
0.06375	0.08625	-0.0355841
0.06625	0.08625	-0.03793
0.06875	0.08625	-0.0335998
0.07125	0.08625	-0.0291929
0.07375	0.08625	-0.0258981
0.07625	0.08625	-0.022781
0.07875	0.08625	-0.020333
0.08125	0.08625	-0.0181949
0.08375	0.08625	-0.0164756
0.08625	0.08625	-0.0150591
0.08875	0.08625	-0.0139408
0.09125	0.08625	-0.0130802
0.09375	0.08625	-0.0124552
0.09625	0.08625	-0.0120488
0.09875	0.08625	-0.0116835
0.00125	0.08875	-0.00510235
0.00375	0.08875	-0.00533867
0.00625	0.08875	-0.0056892
0.00875	0.08875	-0.00622622
0.01125	0.08875	-0.00695976
0.01375	0.08875	-0.00791619
0.01625	0.08875	-0.00907655
0.01875	0.08875	-0.0105229
0.02125	0.08875	-0.0120867
0.02375	0.08875	-0.0140751
0.02625	0.08875	-0.0156897
0.02875	0.08875	-0.01812
0.03125	0.08875	-0.0184195
0.03375	0.08875	-0.0205053
0.03625	0.08875	-0.0160338
0.03875	0.08875	-0.00569532
0.04125	0.08875	0.0393749
0.04375	0.08875	0.0664344
0.04625	0.08875	0.0598826
0.04875	0.08875	0.0652335
0.05125	0.08875	0.0652335
0.05375	0.08875	0.0598826
0.05625	0.08875	0.0664344
0.05875	0.08875	0.0393749
0.06125	0.08875	-0.00569532
0.06375	0.08875	-0.0160338
0.06625	0.08875	-0.0205053
0.06875	0.08875	-0.0184195
0.07125	0.08875	-0.01812
0.07375	0.08875	-0.0156897
0.07625	0.08875	-0.0140751
0.07875	0.08875	-0.0120867
0.08125	0.08875	-0.0105229
0.08375	0.08875	-0.00907655
0.08625	0.08875	-0.00791619
0.08875	0.08875	-0.00695976
0.09125	0.08875	-0.00622622
0.09375	0.08875	-0.0056892
0.09625	0.08875	-0.00533867
0.09875	0.08875	-0.00510235
0.00125	0.09125	-0.010047
0.00375	0.09125	-0.010327
0.00625	0.09125	-0.0106016
0.00875	0.09125	-0.0110095
0.01125	0.09125	-0.0115818
0.01375	0.09125	-0.0122816
0.01625	0.09125	-0.0131899
0.01875	0.09125	-0.0141741
0.02125	0.09125	-0.0154357
0.02375	0.09125	-0.0165863
0.02625	0.09125	-0.0180707
0.02875	0.09125	-0.0189585
0.03125	0.09125	-0.0199151
0.03375	0.09125	-0.019342
0.03625	0.09125	-0.0167539
0.03875	0.09125	-0.0111672
0.04125	0.09125	0.00676146
0.04375	0.09125	0.0390465
0.04625	0.09125	0.0509408
0.04875	0.09125	0.0658346
0.05125	0.09125	0.0658346
0.05375	0.09125	0.0509408
0.05625	0.09125	0.0390465
0.05875	0.09125	0.00676146
0.06125	0.09125	-0.0111672
0.06375	0.09125	-0.0167539
0.06625	0.09125	-0.019342
0.06875	0.09125	-0.0199151
0.07125	0.09125	-0.0189585
0.07375	0.09125	-0.0180707
0.07625	0.09125	-0.0165863
0.07875	0.09125	-0.0154357
0.08125	0.09125	-0.0141741
0.08375	0.09125	-0.0131899
0.08625	0.09125	-0.0122816
0.08875	0.09125	-0.0115818
0.09125	0.09125	-0.0110095
0.09375	0.09125	-0.0106016
0.09625	0.09125	-0.010327
0.09875	0.09125	-0.010047
0.00125	0.09375	-0.000117903
0.00375	0.09375	-0.000195325
0.00625	0.09375	-0.00039345
0.00875	0.09375	-0.000696567
0.01125	0.09375	-0.00109885
0.01375	0.09375	-0.00161947
0.01625	0.09375	-0.00220998
0.01875	0.09375	-0.00294681
0.02125	0.09375	-0.00361548
0.02375	0.09375	-0.00449581
0.02625	0.09375	-0.00485862
0.02875	0.09375	-0.0055788
0.03125	0.09375	-0.00462455
0.03375	0.09375	-0.00423792
0.03625	0.09375	0.000197865
0.03875	0.09375	0.00413193
0.04125	0.09375	0.0160969
0.04375	0.09375	0.0229039
0.04625	0.09375	0.029907
0.04875	0.09375	0.0495985
0.05125	0.09375	0.0495985
0.05375	0.09375	0.029907
0.05625	0.09375	0.0229039
0.05875	0.09375	0.0160969
0.06125	0.09375	0.00413193
0.06375	0.09375	0.000197865
0.06625	0.09375	-0.00423792
0.06875	0.09375	-0.00462455
0.07125	0.09375	-0.0055788
0.07375	0.09375	-0.00485862
0.07625	0.09375	-0.00449581
0.07875	0.09375	-0.00361548
0.08125	0.09375	-0.00294681
0.08375	0.09375	-0.00220998
0.08625	0.09375	-0.00161947
0.08875	0.09375	-0.00109885
0.09125	0.09375	-0.000696567
0.09375	0.09375	-0.00039345
0.09625	0.09375	-0.000195325
0.09875	0.09375	-0.000117903
0.00125	0.09625	-0.00840921
0.00375	0.09625	-0.0086011
0.00625	0.09625	-0.00872096
0.00875	0.09625	-0.00889085
0.01125	0.09625	-0.00913881
0.01375	0.09625	-0.00942302
0.01625	0.09625	-0.00980966
0.01875	0.09625	-0.0101778
0.02125	0.09625	-0.0106885
0.02375	0.09625	-0.0110291
0.02625	0.09625	-0.0115361
0.02875	0.09625	-0.0115456
0.03125	0.09625	-0.0115542
0.03375	0.09625	-0.010536
0.03625	0.09625	-0.00868071
0.03875	0.09625	-0.00517
0.04125	0.09625	0.000862832
0.04375	0.09625	0.00936943
0.04625	0.09625	0.0148189
0.04875	0.09625	0.020715
0.05125	0.09625	0.020715
0.05375	0.09625	0.0148189
0.05625	0.09625	0.00936943
0.05875	0.09625	0.000862832
0.06125	0.09625	-0.00517
0.06375	0.09625	-0.00868071
0.06625	0.09625	-0.010536
0.06875	0.09625	-0.0115542
0.07125	0.09625	-0.0115456
0.07375	0.09625	-0.0115361
0.07625	0.09625	-0.0110291
0.07875	0.09625	-0.0106885
0.08125	0.09625	-0.0101778
0.08375	0.09625	-0.00980966
0.08625	0.09625	-0.00942302
0.08875	0.09625	-0.00913881
0.09125	0.09625	-0.00889085
0.09375	0.09625	-0.00872096
0.09625	0.09625	-0.0086011
0.09875	0.09625	-0.00840921
0.00125	0.09875	0.00584583
0.00375	0.09875	0.00593997
0.00625	0.09875	0.00590209
0.00875	0.09875	0.00583392
0.01125	0.09875	0.00576062
0.01375	0.09875	0.00565237
0.01625	0.09875	0.00556134
0.01875	0.09875	0.00540766
0.02125	0.09875	0.00535032
0.02375	0.09875	0.00515909
0.02625	0.09875	0.00525504
0.02875	0.09875	0.00508038
0.03125	0.09875	0.00553508
0.03375	0.09875	0.00555782
0.03625	0.09875	0.00659331
0.03875	0.09875	0.00714102
0.04125	0.09875	0.00872373
0.04375	0.09875	0.00967823
0.04625	0.09875	0.0100486
0.04875	0.09875	0.0129448
0.05125	0.09875	0.0129448
0.05375	0.09875	0.0100486
0.05625	0.09875	0.00967823
0.05875	0.09875	0.00872373
0.06125	0.09875	0.00714102
0.06375	0.09875	0.00659331
0.06625	0.09875	0.00555782
0.06875	0.09875	0.00553508
0.07125	0.09875	0.00508038
0.07375	0.09875	0.00525504
0.07625	0.09875	0.00515909
0.07875	0.09875	0.00535032
0.08125	0.09875	0.00540766
0.08375	0.09875	0.00556134
0.08625	0.09875	0.00565237
0.08875	0.09875	0.00576062
0.09125	0.09875	0.00583392
0.09375	0.09875	0.00590209
0.09625	0.09875	0.00593997
0.09875	0.09875	0.00584583
