0.00125	0.00125	0.010713
0.00375	0.00125	0.0107256
0.00625	0.00125	0.0107255
0.00875	0.00125	0.0107253
0.01125	0.00125	0.0107253
0.01375	0.00125	0.0107252
0.01625	0.00125	0.0107252
0.01875	0.00125	0.0107252
0.02125	0.00125	0.0107252
0.02375	0.00125	0.0107251
0.02625	0.00125	0.0107251
0.02875	0.00125	0.0107251
0.03125	0.00125	0.0107251
0.03375	0.00125	0.0107251
0.03625	0.00125	0.0107251
0.03875	0.00125	0.0107251
0.04125	0.00125	0.0107251
0.04375	0.00125	0.0107251
0.04625	0.00125	0.0107251
0.04875	0.00125	0.0107251
0.05125	0.00125	0.0107251
0.05375	0.00125	0.0107251
0.05625	0.00125	0.0107251
0.05875	0.00125	0.0107251
0.06125	0.00125	0.0107251
0.06375	0.00125	0.0107251
0.06625	0.00125	0.0107251
0.06875	0.00125	0.0107251
0.07125	0.00125	0.0107251
0.07375	0.00125	0.0107251
0.07625	0.00125	0.0107251
0.07875	0.00125	0.0107252
0.08125	0.00125	0.0107252
0.08375	0.00125	0.0107252
0.08625	0.00125	0.0107252
0.08875	0.00125	0.0107253
0.09125	0.00125	0.0107253
0.09375	0.00125	0.0107255
0.09625	0.00125	0.0107256
0.09875	0.00125	0.010713
0.00125	0.00375	0.00973786
0.00375	0.00375	0.00974828
0.00625	0.00375	0.00974828
0.00875	0.00375	0.00974832
0.01125	0.00375	0.00974828
0.01375	0.00375	0.00974823
0.01625	0.00375	0.00974816
0.01875	0.00375	0.00974808
0.02125	0.00375	0.00974798
0.02375	0.00375	0.00974787
0.02625	0.00375	0.00974776
0.02875	0.00375	0.00974764
0.03125	0.00375	0.00974752
0.03375	0.00375	0.0097474
0.03625	0.00375	0.00974729
0.03875	0.00375	0.00974719
0.04125	0.00375	0.0097471
0.04375	0.00375	0.00974702
0.04625	0.00375	0.00974696
0.04875	0.00375	0.00974693
0.05125	0.00375	0.00974693
0.05375	0.00375	0.00974696
0.05625	0.00375	0.00974702
0.05875	0.00375	0.0097471
0.06125	0.00375	0.00974719
0.06375	0.00375	0.00974729
0.06625	0.00375	0.0097474
0.06875	0.00375	0.00974752
0.07125	0.00375	0.00974764
0.07375	0.00375	0.00974776
0.07625	0.00375	0.00974787
0.07875	0.00375	0.00974798
0.08125	0.00375	0.00974808
0.08375	0.00375	0.00974816
0.08625	0.00375	0.00974823
0.08875	0.00375	0.00974828
0.09125	0.00375	0.00974832
0.09375	0.00375	0.00974828
0.09625	0.00375	0.00974828
0.09875	0.00375	0.00973786
0.00125	0.00625	0.0091571
0.00375	0.00625	0.00916811
0.00625	0.00625	0.00916813
0.00875	0.00625	0.00916826
0.01125	0.00625	0.0091683
0.01375	0.00625	0.00916836
0.01625	0.00625	0.00916841
0.01875	0.00625	0.00916847
0.02125	0.00625	0.00916854
0.02375	0.00625	0.00916861
0.02625	0.00625	0.00916869
0.02875	0.00625	0.00916877
0.03125	0.00625	0.00916886
0.03375	0.00625	0.00916894
0.03625	0.00625	0.00916901
0.03875	0.00625	0.00916908
0.04125	0.00625	0.00916914
0.04375	0.00625	0.00916919
0.04625	0.00625	0.00916923
0.04875	0.00625	0.00916925
0.05125	0.00625	0.00916925
0.05375	0.00625	0.00916923
0.05625	0.00625	0.00916919
0.05875	0.00625	0.00916914
0.06125	0.00625	0.00916908
0.06375	0.00625	0.00916901
0.06625	0.00625	0.00916894
0.06875	0.00625	0.00916886
0.07125	0.00625	0.00916877
0.07375	0.00625	0.00916869
0.07625	0.00625	0.00916861
0.07875	0.00625	0.00916854
0.08125	0.00625	0.00916847
0.08375	0.00625	0.00916841
0.08625	0.00625	0.00916836
0.08875	0.00625	0.0091683
0.09125	0.00625	0.00916826
0.09375	0.00625	0.00916813
0.09625	0.00625	0.00916811
0.09875	0.00625	0.0091571
0.00125	0.00875	0.00897504
0.00375	0.00875	0.00898427
0.00625	0.00875	0.00898424
0.00875	0.00875	0.00898437
0.01125	0.00875	0.00898427
0.01375	0.00875	0.00898421
0.01625	0.00875	0.00898406
0.01875	0.00875	0.00898389
0.02125	0.00875	0.00898369
0.02375	0.00875	0.00898347
0.02625	0.00875	0.00898323
0.02875	0.00875	0.00898299
0.03125	0.00875	0.00898273
0.03375	0.00875	0.00898248
0.03625	0.00875	0.00898224
0.03875	0.00875	0.00898202
0.04125	0.00875	0.00898183
0.04375	0.00875	0.00898167
0.04625	0.00875	0.00898155
0.04875	0.00875	0.00898148
0.05125	0.00875	0.00898148
0.05375	0.00875	0.00898155
0.05625	0.00875	0.00898167
0.05875	0.00875	0.00898183
0.06125	0.00875	0.00898202
0.06375	0.00875	0.00898224
0.06625	0.00875	0.00898248
0.06875	0.00875	0.00898273
0.07125	0.00875	0.00898299
0.07375	0.00875	0.00898323
0.07625	0.00875	0.00898347
0.07875	0.00875	0.00898369
0.08125	0.00875	0.00898389
0.08375	0.00875	0.00898406
0.08625	0.00875	0.00898421
0.08875	0.00875	0.00898427
0.09125	0.00875	0.00898437
0.09375	0.00875	0.00898424
0.09625	0.00875	0.00898427
0.09875	0.00875	0.00897504
0.00125	0.01125	0.00917658
0.00375	0.01125	0.00918772
0.00625	0.01125	0.00918777
0.00875	0.01125	0.00918796
0.01125	0.01125	0.00918803
0.01375	0.01125	0.00918815
0.01625	0.01125	0.00918826
0.01875	0.01125	0.00918839
0.02125	0.01125	0.00918853
0.02375	0.01125	0.00918868
0.02625	0.01125	0.00918885
0.02875	0.01125	0.00918902
0.03125	0.01125	0.00918919
0.03375	0.01125	0.00918936
0.03625	0.01125	0.00918952
0.03875	0.01125	0.00918967
0.04125	0.01125	0.0091898
0.04375	0.01125	0.0091899
0.04625	0.01125	0.00918998
0.04875	0.01125	0.00919002
0.05125	0.01125	0.00919002
0.05375	0.01125	0.00918998
0.05625	0.01125	0.0091899
0.05875	0.01125	0.0091898
0.06125	0.01125	0.00918967
0.06375	0.01125	0.00918952
0.06625	0.01125	0.00918936
0.06875	0.01125	0.00918919
0.07125	0.01125	0.00918902
0.07375	0.01125	0.00918885
0.07625	0.01125	0.00918868
0.07875	0.01125	0.00918853
0.08125	0.01125	0.00918839
0.08375	0.01125	0.00918826
0.08625	0.01125	0.00918815
0.08875	0.01125	0.00918803
0.09125	0.01125	0.00918796
0.09375	0.01125	0.00918777
0.09625	0.01125	0.00918772
0.09875	0.01125	0.00917658
0.00125	0.01375	0.00977532
0.00375	0.01375	0.00978546
0.00625	0.01375	0.00978539
0.00875	0.01375	0.00978525
0.01125	0.01375	0.00978509
0.01375	0.01375	0.00978491
0.01625	0.01375	0.00978466
0.01875	0.01375	0.00978437
0.02125	0.01375	0.00978404
0.02375	0.01375	0.00978367
0.02625	0.01375	0.00978327
0.02875	0.01375	0.00978285
0.03125	0.01375	0.00978242
0.03375	0.01375	0.00978199
0.03625	0.01375	0.00978158
0.03875	0.01375	0.00978119
0.04125	0.01375	0.00978086
0.04375	0.01375	0.00978059
0.04625	0.01375	0.00978039
0.04875	0.01375	0.00978028
0.05125	0.01375	0.00978028
0.05375	0.01375	0.00978039
0.05625	0.01375	0.00978059
0.05875	0.01375	0.00978086
0.06125	0.01375	0.00978119
0.06375	0.01375	0.00978158
0.06625	0.01375	0.00978199
0.06875	0.01375	0.00978242
0.07125	0.01375	0.00978285
0.07375	0.01375	0.00978327
0.07625	0.01375	0.00978367
0.07875	0.01375	0.00978404
0.08125	0.01375	0.00978437
0.08375	0.01375	0.00978466
0.08625	0.01375	0.00978491
0.08875	0.01375	0.00978509
0.09125	0.01375	0.00978525
0.09375	0.01375	0.00978539
0.09625	0.01375	0.00978546
0.09875	0.01375	0.00977532
0.00125	0.01625	0.0107485
0.00375	0.01625	0.0107617
0.00625	0.01625	0.0107618
0.00875	0.01625	0.0107617
0.01125	0.01625	0.0107618
0.01375	0.01625	0.0107618
0.01625	0.01625	0.010762
0.01875	0.01625	0.0107622
0.02125	0.01625	0.0107624
0.02375	0.01625	0.0107626
0.02625	0.01625	0.0107629
0.02875	0.01625	0.0107632
0.03125	0.01625	0.0107634
0.03375	0.01625	0.0107637
0.03625	0.01625	0.010764
0.03875	0.01625	0.0107642
0.04125	0.01625	0.0107644
0.04375	0.01625	0.0107646
0.04625	0.01625	0.0107647
0.04875	0.01625	0.0107647
0.05125	0.01625	0.0107647
0.05375	0.01625	0.0107647
0.05625	0.01625	0.0107646
0.05875	0.01625	0.0107644
0.06125	0.01625	0.0107642
0.06375	0.01625	0.010764
0.06625	0.01625	0.0107637
0.06875	0.01625	0.0107634
0.07125	0.01625	0.0107632
0.07375	0.01625	0.0107629
0.07625	0.01625	0.0107626
0.07875	0.01625	0.0107624
0.08125	0.01625	0.0107622
0.08375	0.01625	0.010762
0.08625	0.01625	0.0107618
0.08875	0.01625	0.0107618
0.09125	0.01625	0.0107617
0.09375	0.01625	0.0107618
0.09625	0.01625	0.0107617
0.09875	0.01625	0.0107485
0.00125	0.01875	0.0101772
0.00375	0.01875	0.0101982
0.00625	0.01875	0.01021
0.00875	0.01875	0.0102277
0.01125	0.01875	0.0102486
0.01375	0.01875	0.0102723
0.01625	0.01875	0.0102962
0.01875	0.01875	0.0103188
0.02125	0.01875	0.0103379
0.02375	0.01875	0.0103515
0.02625	0.01875	0.0103582
0.02875	0.01875	0.0103566
0.03125	0.01875	0.0103467
0.03375	0.01875	0.0103286
0.03625	0.01875	0.0103042
0.03875	0.01875	0.0102758
0.04125	0.01875	0.0102467
0.04375	0.01875	0.0102206
0.04625	0.01875	0.0102008
0.04875	0.01875	0.0101902
0.05125	0.01875	0.0101902
0.05375	0.01875	0.0102008
0.05625	0.01875	0.0102206
0.05875	0.01875	0.0102467
0.06125	0.01875	0.0102758
0.06375	0.01875	0.0103042
0.06625	0.01875	0.0103286
0.06875	0.01875	0.0103467
0.07125	0.01875	0.0103566
0.07375	0.01875	0.0103582
0.07625	0.01875	0.0103515
0.07875	0.01875	0.0103379
0.08125	0.01875	0.0103188
0.08375	0.01875	0.0102962
0.08625	0.01875	0.0102723
0.08875	0.01875	0.0102486
0.09125	0.01875	0.0102277
0.09375	0.01875	0.01021
0.09625	0.01875	0.0101982
0.09875	0.01875	0.0101772
0.00125	0.02125	0.0075037
0.00375	0.02125	0.00762291
0.00625	0.02125	0.00769218
0.00875	0.02125	0.00778092
0.01125	0.02125	0.00790486
0.01375	0.02125	0.00804415
0.01625	0.02125	0.00819611
0.01875	0.02125	0.00834929
0.02125	0.02125	0.00849685
0.02375	0.02125	0.00863013
0.02625	0.02125	0.00874268
0.02875	0.02125	0.0088291
0.03125	0.02125	0.00888634
0.03375	0.02125	0.00891418
0.03625	0.02125	0.00891347
0.03875	0.02125	0.00889271
0.04125	0.02125	0.0088548
0.04375	0.02125	0.00881689
0.04625	0.02125	0.00878102
0.04875	0.02125	0.00876264
0.05125	0.02125	0.00876264
0.05375	0.02125	0.00878102
0.05625	0.02125	0.00881689
0.05875	0.02125	0.0088548
0.06125	0.02125	0.00889271
0.06375	0.02125	0.00891347
0.06625	0.02125	0.00891418
0.06875	0.02125	0.00888634
0.07125	0.02125	0.0088291
0.07375	0.02125	0.00874268
0.07625	0.02125	0.00863013
0.07875	0.02125	0.00849685
0.08125	0.02125	0.00834929
0.08375	0.02125	0.00819611
0.08625	0.02125	0.00804415
0.08875	0.02125	0.00790486
0.09125	0.02125	0.00778092
0.09375	0.02125	0.00769218
0.09625	0.02125	0.00762291
0.09875	0.02125	0.0075037
0.00125	0.02375	0.00721844
0.00375	0.02375	0.00731044
0.00625	0.02375	0.00733978
0.00875	0.02375	0.00737363
0.01125	0.02375	0.00741682
0.01375	0.02375	0.00745619
0.01625	0.02375	0.00748605
0.01875	0.02375	0.00749609
0.02125	0.02375	0.00747801
0.02375	0.02375	0.00742251
0.02625	0.02375	0.00732316
0.02875	0.02375	0.00717324
0.03125	0.02375	0.006973
0.03375	0.02375	0.00672059
0.03625	0.02375	0.00642968
0.03875	0.02375	0.00610788
0.04125	0.02375	0.00578916
0.04375	0.02375	0.00549589
0.04625	0.02375	0.0052738
0.04875	0.02375	0.00515047
0.05125	0.02375	0.00515047
0.05375	0.02375	0.0052738
0.05625	0.02375	0.00549589
0.05875	0.02375	0.00578916
0.06125	0.02375	0.00610788
0.06375	0.02375	0.00642968
0.06625	0.02375	0.00672059
0.06875	0.02375	0.006973
0.07125	0.02375	0.00717324
0.07375	0.02375	0.00732316
0.07625	0.02375	0.00742251
0.07875	0.02375	0.00747801
0.08125	0.02375	0.00749609
0.08375	0.02375	0.00748605
0.08625	0.02375	0.00745619
0.08875	0.02375	0.00741682
0.09125	0.02375	0.00737363
0.09375	0.02375	0.00733978
0.09625	0.02375	0.00731044
0.09875	0.02375	0.00721844
0.00125	0.02625	0.00348244
0.00375	0.02625	0.00362339
0.00625	0.02625	0.00378891
0.00875	0.02625	0.00401693
0.01125	0.02625	0.004295
0.01375	0.02625	0.0046026
0.01625	0.02625	0.00492599
0.01875	0.02625	0.00524996
0.02125	0.02625	0.00556366
0.02375	0.02625	0.0058557
0.02625	0.02625	0.00611857
0.02875	0.02625	0.00634529
0.03125	0.02625	0.00653225
0.03375	0.02625	0.00667851
0.03625	0.02625	0.0067798
0.03875	0.02625	0.00685076
0.04125	0.02625	0.00688018
0.04375	0.02625	0.00690297
0.04625	0.02625	0.0068974
0.04875	0.02625	0.00690042
0.05125	0.02625	0.00690042
0.05375	0.02625	0.0068974
0.05625	0.02625	0.00690297
0.05875	0.02625	0.00688018
0.06125	0.02625	0.00685076
0.06375	0.02625	0.0067798
0.06625	0.02625	0.00667851
0.06875	0.02625	0.00653225
0.07125	0.02625	0.00634529
0.07375	0.02625	0.00611857
0.07625	0.02625	0.0058557
0.07875	0.02625	0.00556366
0.08125	0.02625	0.00524996
0.08375	0.02625	0.00492599
0.08625	0.02625	0.0046026
0.08875	0.02625	0.004295
0.09125	0.02625	0.00401693
0.09375	0.02625	0.00378891
0.09625	0.02625	0.00362339
0.09875	0.02625	0.00348244
0.00125	0.02875	0.00566506
0.00375	0.02875	0.00575115
0.00625	0.02875	0.00578505
0.00875	0.02875	0.0058277
0.01125	0.02875	0.0058762
0.01375	0.02875	0.00591852
0.01625	0.02875	0.00594681
0.01875	0.02875	0.00594841
0.02125	0.02875	0.00591223
0.02375	0.02875	0.00582519
0.02625	0.02875	0.0056761
0.02875	0.02875	0.00545239
0.03125	0.02875	0.00515027
0.03375	0.02875	0.00475363
0.03625	0.02875	0.00427766
0.03875	0.02875	0.00370483
0.04125	0.02875	0.00307205
0.04375	0.02875	0.00238569
0.04625	0.02875	0.00171862
0.04875	0.02875	0.00122834
0.05125	0.02875	0.00122834
0.05375	0.02875	0.00171862
0.05625	0.02875	0.00238569
0.05875	0.02875	0.00307205
0.06125	0.02875	0.00370483
0.06375	0.02875	0.00427766
0.06625	0.02875	0.00475363
0.06875	0.02875	0.00515027
0.07125	0.02875	0.00545239
0.07375	0.02875	0.0056761
0.07625	0.02875	0.00582519
0.07875	0.02875	0.00591223
0.08125	0.02875	0.00594841
0.08375	0.02875	0.00594681
0.08625	0.02875	0.00591852
0.08875	0.02875	0.0058762
0.09125	0.02875	0.0058277
0.09375	0.02875	0.00578505
0.09625	0.02875	0.00575115
0.09875	0.02875	0.00566506
0.00125	0.03125	0.000530739
0.00375	0.03125	0.000952881
0.00625	0.03125	0.00145741
0.00875	0.03125	0.00197858
0.01125	0.03125	0.00249648
0.01375	0.03125	0.00300214
0.01625	0.03125	0.00348929
0.01875	0.03125	0.00395223
0.02125	0.03125	0.00438553
0.02375	0.03125	0.00478363
0.02625	0.03125	0.00514386
0.02875	0.03125	0.00545853
0.03125	0.03125	0.00572745
0.03375	0.03125	0.00594638
0.03625	0.03125	0.00611104
0.03875	0.03125	0.00624305
0.04125	0.03125	0.00630284
0.04375	0.03125	0.0063709
0.04625	0.03125	0.00636125
0.04875	0.03125	0.00638129
0.05125	0.03125	0.00638129
0.05375	0.03125	0.00636125
0.05625	0.03125	0.0063709
0.05875	0.03125	0.00630284
0.06125	0.03125	0.00624305
0.06375	0.03125	0.00611104
0.06625	0.03125	0.00594638
0.06875	0.03125	0.00572745
0.07125	0.03125	0.00545853
0.07375	0.03125	0.00514386
0.07625	0.03125	0.00478363
0.07875	0.03125	0.00438553
0.08125	0.03125	0.00395223
0.08375	0.03125	0.00348929
0.08625	0.03125	0.00300214
0.08875	0.03125	0.00249648
0.09125	0.03125	0.00197858
0.09375	0.03125	0.00145741
0.09625	0.03125	0.000952881
0.09875	0.03125	0.000530739
0.00125	0.03375	0.00513486
0.00375	0.03375	0.00522367
0.00625	0.03375	0.00527381
0.00875	0.03375	0.00534154
0.01125	0.03375	0.00542203
0.01375	0.03375	0.00550377
0.01625	0.03375	0.00557823
0.01875	0.03375	0.00563359
0.02125	0.03375	0.00565622
0.02375	0.03375	0.00563627
0.02625	0.03375	0.00555941
0.02875	0.03375	0.0054112
0.03125	0.03375	0.00519461
0.03375	0.03375	0.00487801
0.03625	0.03375	0.00450935
0.03875	0.03375	0.00403685
0.04125	0.03375	0.00355154
0.04375	0.03375	0.00306287
0.04625	0.03375	0.00262965
0.04875	0.03375	0.00241454
0.05125	0.03375	0.00241454
0.05375	0.03375	0.00262965
0.05625	0.03375	0.00306287
0.05875	0.03375	0.00355154
0.06125	0.03375	0.00403685
0.06375	0.03375	0.00450935
0.06625	0.03375	0.00487801
0.06875	0.03375	0.00519461
0.07125	0.03375	0.0054112
0.07375	0.03375	0.00555941
0.07625	0.03375	0.00563627
0.07875	0.03375	0.00565622
0.08125	0.03375	0.00563359
0.08375	0.03375	0.00557823
0.08625	0.03375	0.00550377
0.08875	0.03375	0.00542203
0.09125	0.03375	0.00534154
0.09375	0.03375	0.00527381
0.09625	0.03375	0.00522367
0.09875	0.03375	0.00513486
0.00125	0.03625	0.0019636
0.00375	0.03625	0.0021336
0.00625	0.03625	0.00239535
0.00875	0.03625	0.00273573
0.01125	0.03625	0.00312722
0.01375	0.03625	0.00354486
0.01625	0.03625	0.00397304
0.01875	0.03625	0.00440251
0.02125	0.03625	0.00481933
0.02375	0.03625	0.00522244
0.02625	0.03625	0.00559973
0.02875	0.03625	0.00594776
0.03125	0.03625	0.00626452
0.03375	0.03625	0.00653713
0.03625	0.03625	0.00675953
0.03875	0.03625	0.0069577
0.04125	0.03625	0.00702958
0.04375	0.03625	0.00716826
0.04625	0.03625	0.0070923
0.04875	0.03625	0.0071406
0.05125	0.03625	0.0071406
0.05375	0.03625	0.0070923
0.05625	0.03625	0.00716826
0.05875	0.03625	0.00702958
0.06125	0.03625	0.0069577
0.06375	0.03625	0.00675953
0.06625	0.03625	0.00653713
0.06875	0.03625	0.00626452
0.07125	0.03625	0.00594776
0.07375	0.03625	0.00559973
0.07625	0.03625	0.00522244
0.07875	0.03625	0.00481933
0.08125	0.03625	0.00440251
0.08375	0.03625	0.00397304
0.08625	0.03625	0.00354486
0.08875	0.03625	0.00312722
0.09125	0.03625	0.00273573
0.09375	0.03625	0.00239535
0.09625	0.03625	0.0021336
0.09875	0.03625	0.0019636
0.00125	0.03875	0.00537806
0.00375	0.03875	0.00548307
0.00625	0.03875	0.00555503
0.00875	0.03875	0.0056559
0.01125	0.03875	0.00578301
0.01375	0.03875	0.00592611
0.01625	0.03875	0.00607678
0.01875	0.03875	0.00622958
0.02125	0.03875	0.0063641
0.02375	0.03875	0.00648467
0.02625	0.03875	0.00656531
0.02875	0.03875	0.00660108
0.03125	0.03875	0.00660886
0.03375	0.03875	0.00651126
0.03625	0.03875	0.00646454
0.03875	0.03875	0.00626557
0.04125	0.03875	0.00620154
0.04375	0.03875	0.0061093
0.04625	0.03875	0.00605865
0.04875	0.03875	0.00615463
0.05125	0.03875	0.00615463
0.05375	0.03875	0.00605865
0.05625	0.03875	0.0061093
0.05875	0.03875	0.00620154
0.06125	0.03875	0.00626557
0.06375	0.03875	0.00646454
0.06625	0.03875	0.00651126
0.06875	0.03875	0.00660886
0.07125	0.03875	0.00660108
0.07375	0.03875	0.00656531
0.07625	0.03875	0.00648467
0.07875	0.03875	0.0063641
0.08125	0.03875	0.00622958
0.08375	0.03875	0.00607678
0.08625	0.03875	0.00592611
0.08875	0.03875	0.00578301
0.09125	0.03875	0.0056559
0.09375	0.03875	0.00555503
0.09625	0.03875	0.00548307
0.09875	0.03875	0.00537806
0.00125	0.04125	0.00401157
0.00375	0.04125	0.00414523
0.00625	0.04125	0.00429718
0.00875	0.04125	0.00451201
0.01125	0.04125	0.00478543
0.01375	0.04125	0.00510404
0.01625	0.04125	0.00545533
0.01875	0.04125	0.00584115
0.02125	0.04125	0.00623153
0.02375	0.04125	0.00665345
0.02625	0.04125	0.00705846
0.02875	0.04125	0.00748571
0.03125	0.04125	0.00789415
0.03375	0.04125	0.00829701
0.03625	0.04125	0.0086611
0.03875	0.04125	0.00903225
0.04125	0.04125	0.00915779
0.04375	0.04125	0.00951196
0.04625	0.04125	0.00919769
0.04875	0.04125	0.00931778
0.05125	0.04125	0.00931778
0.05375	0.04125	0.00919769
0.05625	0.04125	0.00951196
0.05875	0.04125	0.00915779
0.06125	0.04125	0.00903225
0.06375	0.04125	0.0086611
0.06625	0.04125	0.00829701
0.06875	0.04125	0.00789415
0.07125	0.04125	0.00748571
0.07375	0.04125	0.00705846
0.07625	0.04125	0.00665345
0.07875	0.04125	0.00623153
0.08125	0.04125	0.00584115
0.08375	0.04125	0.00545533
0.08625	0.04125	0.00510404
0.08875	0.04125	0.00478543
0.09125	0.04125	0.00451201
0.09375	0.04125	0.00429718
0.09625	0.04125	0.00414523
0.09875	0.04125	0.00401157
0.00125	0.04375	0.00620284
0.00375	0.04375	0.00633424
0.00625	0.04375	0.00643125
0.00875	0.04375	0.00657028
0.01125	0.04375	0.00675304
0.01375	0.04375	0.00697212
0.01625	0.04375	0.00721783
0.01875	0.04375	0.00750024
0.02125	0.04375	0.0077783
0.02375	0.04375	0.00809615
0.02625	0.04375	0.00838176
0.02875	0.04375	0.00867197
0.03125	0.04375	0.00897936
0.03375	0.04375	0.00912313
0.03625	0.04375	0.00953384
0.03875	0.04375	0.00948331
0.04125	0.04375	0.0100211
0.04375	0.04375	0.0101855
0.04625	0.04375	0.0105889
0.04875	0.04375	0.0112372
0.05125	0.04375	0.0112372
0.05375	0.04375	0.0105889
0.05625	0.04375	0.0101855
0.05875	0.04375	0.0100211
0.06125	0.04375	0.00948331
0.06375	0.04375	0.00953384
0.06625	0.04375	0.00912313
0.06875	0.04375	0.00897936
0.07125	0.04375	0.00867197
0.07375	0.04375	0.00838176
0.07625	0.04375	0.00809615
0.07875	0.04375	0.0077783
0.08125	0.04375	0.00750024
0.08375	0.04375	0.00721783
0.08625	0.04375	0.00697212
0.08875	0.04375	0.00675304
0.09125	0.04375	0.00657028
0.09375	0.04375	0.00643125
0.09625	0.04375	0.00633424
0.09875	0.04375	0.00620284
0.00125	0.04625	0.00592094
0.00375	0.04625	0.00607284
0.00625	0.04625	0.00620864
0.00875	0.04625	0.00640463
0.01125	0.04625	0.00666471
0.01375	0.04625	0.00698256
0.01625	0.04625	0.00734482
0.01875	0.04625	0.00777793
0.02125	0.04625	0.00821604
0.02375	0.04625	0.00876425
0.02625	0.04625	0.00926572
0.02875	0.04625	0.00992588
0.03125	0.04625	0.0105198
0.03375	0.04625	0.0112704
0.03625	0.04625	0.0119693
0.03875	0.04625	0.0128151
0.04125	0.04625	0.0131944
0.04375	0.04625	0.0142703
0.04625	0.04625	0.0131507
0.04875	0.04625	0.013392
0.05125	0.04625	0.013392
0.05375	0.04625	0.0131507
0.05625	0.04625	0.0142703
0.05875	0.04625	0.0131944
0.06125	0.04625	0.0128151
0.06375	0.04625	0.0119693
0.06625	0.04625	0.0112704
0.06875	0.04625	0.0105198
0.07125	0.04625	0.00992588
0.07375	0.04625	0.00926572
0.07625	0.04625	0.00876425
0.07875	0.04625	0.00821604
0.08125	0.04625	0.00777793
0.08375	0.04625	0.00734482
0.08625	0.04625	0.00698256
0.08875	0.04625	0.00666471
0.09125	0.04625	0.00640463
0.09375	0.04625	0.00620864
0.09625	0.04625	0.00607284
0.09875	0.04625	0.00592094
0.00125	0.04875	0.0074443
0.00375	0.04875	0.00761147
0.00625	0.04875	0.00774072
0.00875	0.04875	0.00792893
0.01125	0.04875	0.0081835
0.01375	0.04875	0.00850188
0.01625	0.04875	0.00887102
0.01875	0.04875	0.00933066
0.02125	0.04875	0.00979526
0.02375	0.04875	0.010405
0.02625	0.04875	0.0109553
0.02875	0.04875	0.0116546
0.03125	0.04875	0.0123711
0.03375	0.04875	0.0128654
0.03625	0.04875	0.0140623
0.03875	0.04875	0.0138459
0.04125	0.04875	0.0158111
0.04375	0.04875	0.0156509
0.04625	0.04875	0.0172702
0.04875	0.04875	0.0199865
0.05125	0.04875	0.0199865
0.05375	0.04875	0.0172702
0.05625	0.04875	0.0156509
0.05875	0.04875	0.0158111
0.06125	0.04875	0.0138459
0.06375	0.04875	0.0140623
0.06625	0.04875	0.0128654
0.06875	0.04875	0.0123711
0.07125	0.04875	0.0116546
0.07375	0.04875	0.0109553
0.07625	0.04875	0.010405
0.07875	0.04875	0.00979526
0.08125	0.04875	0.00933066
0.08375	0.04875	0.00887102
0.08625	0.04875	0.00850188
0.08875	0.04875	0.0081835
0.09125	0.04875	0.00792893
0.09375	0.04875	0.00774072
0.09625	0.04875	0.00761147
0.09875	0.04875	0.0074443
0.00125	0.05125	0.007786
0.00375	0.05125	0.00797514
0.00625	0.05125	0.00813248
0.00875	0.05125	0.00836217
0.01125	0.05125	0.00867446
0.01375	0.05125	0.0090673
0.01625	0.05125	0.00952433
0.01875	0.05125	0.0101044
0.02125	0.05125	0.0106808
0.02375	0.05125	0.0115038
0.02625	0.05125	0.0121729
0.02875	0.05125	0.0133288
0.03125	0.05125	0.0141521
0.03375	0.05125	0.0157113
0.03625	0.05125	0.016972
0.03875	0.05125	0.0190159
0.04125	0.05125	0.0203965
0.04375	0.05125	0.0241088
0.04625	0.05125	0.0206124
0.04875	0.05125	0.0204607
0.05125	0.05125	0.0204607
0.05375	0.05125	0.0206124
0.05625	0.05125	0.0241088
0.05875	0.05125	0.0203965
0.06125	0.05125	0.0190159
0.06375	0.05125	0.016972
0.06625	0.05125	0.0157113
0.06875	0.05125	0.0141521
0.07125	0.05125	0.0133288
0.07375	0.05125	0.0121729
0.07625	0.05125	0.0115038
0.07875	0.05125	0.0106808
0.08125	0.05125	0.0101044
0.08375	0.05125	0.00952433
0.08625	0.05125	0.0090673
0.08875	0.05125	0.00867446
0.09125	0.05125	0.00836217
0.09375	0.05125	0.00813248
0.09625	0.05125	0.00797514
0.09875	0.05125	0.007786
0.00125	0.05375	0.00893372
0.00375	0.05375	0.00914608
0.00625	0.05375	0.00931961
0.00875	0.05375	0.00957601
0.01125	0.05375	0.00992858
0.01375	0.05375	0.0103818
0.01625	0.05375	0.0109202
0.01875	0.05375	0.011625
0.02125	0.05375	0.0123478
0.02375	0.05375	0.0134038
0.02625	0.05375	0.0143101
0.02875	0.05375	0.0157817
0.03125	0.05375	0.0170221
0.03375	0.05375	0.0184702
0.03625	0.05375	0.0210053
0.03875	0.05375	0.0202593
0.04125	0.05375	0.0266215
0.04375	0.05375	0.0216768
0.04625	0.05375	0.0273254
0.04875	0.05375	0.039323
0.05125	0.05375	0.039323
0.05375	0.05375	0.0273254
0.05625	0.05375	0.0216768
0.05875	0.05375	0.0266215
0.06125	0.05375	0.0202593
0.06375	0.05375	0.0210053
0.06625	0.05375	0.0184702
0.06875	0.05375	0.0170221
0.07125	0.05375	0.0157817
0.07375	0.05375	0.0143101
0.07625	0.05375	0.0134038
0.07875	0.05375	0.0123478
0.08125	0.05375	0.011625
0.08375	0.05375	0.0109202
0.08625	0.05375	0.0103818
0.08875	0.05375	0.00992858
0.09125	0.05375	0.00957601
0.09375	0.05375	0.00931961
0.09625	0.05375	0.00914608
0.09875	0.05375	0.00893372
0.00125	0.05625	0.00960729
0.00375	0.05625	0.00984656
0.00625	0.05625	0.010052
0.00875	0.05625	0.0103557
0.01125	0.05625	0.0107757
0.01375	0.05625	0.0113104
0.01625	0.05625	0.011954
0.01875	0.05625	0.0127784
0.02125	0.05625	0.0136247
0.02375	0.05625	0.0148777
0.02625	0.05625	0.0158303
0.02875	0.05625	0.0178299
0.03125	0.05625	0.0187586
0.03375	0.05625	0.0220607
0.03625	0.05625	0.0234775
0.03875	0.05625	0.0284464
0.04125	0.05625	0.0326611
0.04375	0.05625	0.0476011
0.04625	0.05625	0.0401022
0.04875	0.05625	0.0338181
0.05125	0.05625	0.0338181
0.05375	0.05625	0.0401022
0.05625	0.05625	0.0476011
0.05875	0.05625	0.0326611
0.06125	0.05625	0.0284464
0.06375	0.05625	0.0234775
0.06625	0.05625	0.0220607
0.06875	0.05625	0.0187586
0.07125	0.05625	0.0178299
0.07375	0.05625	0.0158303
0.07625	0.05625	0.0148777
0.07875	0.05625	0.0136247
0.08125	0.05625	0.0127784
0.08375	0.05625	0.011954
0.08625	0.05625	0.0113104
0.08875	0.05625	0.0107757
0.09125	0.05625	0.0103557
0.09375	0.05625	0.010052
0.09625	0.05625	0.00984656
0.09875	0.05625	0.00960729
0.00125	0.05875	0.0104687
0.00375	0.05875	0.0107344
0.00625	0.05875	0.010966
0.00875	0.05875	0.0113145
0.01125	0.05875	0.0117952
0.01375	0.05875	0.0124234
0.01625	0.05875	0.0131872
0.01875	0.05875	0.0142002
0.02125	0.05875	0.0152828
0.02375	0.05875	0.016931
0.02625	0.05875	0.0183296
0.02875	0.05875	0.0211212
0.03125	0.05875	0.0228065
0.03375	0.05875	0.0271981
0.03625	0.05875	0.0306398
0.03875	0.05875	0.0329543
0.04125	0.05875	0.0565525
0.04375	0.05875	0.0201086
0.04625	0.05875	0.0395831
0.04875	0.05875	0.095261
0.05125	0.05875	0.095261
0.05375	0.05875	0.0395831
0.05625	0.05875	0.0201086
0.05875	0.05875	0.0565525
0.06125	0.05875	0.0329543
0.06375	0.05875	0.0306398
0.06625	0.05875	0.0271981
0.06875	0.05875	0.0228065
0.07125	0.05875	0.0211212
0.07375	0.05875	0.0183296
0.07625	0.05875	0.016931
0.07875	0.05875	0.0152828
0.08125	0.05875	0.0142002
0.08375	0.05875	0.0131872
0.08625	0.05875	0.0124234
0.08875	0.05875	0.0117952
0.09125	0.05875	0.0113145
0.09375	0.05875	0.010966
0.09625	0.05875	0.0107344
0.09875	0.05875	0.0104687
0.00125	0.06125	0.0112878
0.00375	0.06125	0.0115862
0.00625	0.06125	0.0118605
0.00875	0.06125	0.0122737
0.01125	0.06125	0.0128509
0.01375	0.06125	0.0135905
0.01625	0.06125	0.014527
0.01875	0.06125	0.0156802
0.02125	0.06125	0.0170321
0.02375	0.06125	0.0187801
0.02625	0.06125	0.0204823
0.02875	0.06125	0.0233487
0.03125	0.06125	0.0247736
0.03375	0.06125	0.0308329
0.03625	0.06125	0.0298831
0.03875	0.06125	0.0474821
0.04125	0.06125	0.0460972
0.04375	0.06125	0.118455
0.04625	0.06125	0.031325
0.04875	0.06125	0.0491523
0.05125	0.06125	0.0491523
0.05375	0.06125	0.031325
0.05625	0.06125	0.118455
0.05875	0.06125	0.0460972
0.06125	0.06125	0.0474821
0.06375	0.06125	0.0298831
0.06625	0.06125	0.0308329
0.06875	0.06125	0.0247736
0.07125	0.06125	0.0233487
0.07375	0.06125	0.0204823
0.07625	0.06125	0.0187801
0.07875	0.06125	0.0170321
0.08125	0.06125	0.0156802
0.08375	0.06125	0.014527
0.08625	0.06125	0.0135905
0.08875	0.06125	0.0128509
0.09125	0.06125	0.0122737
0.09375	0.06125	0.0118605
0.09625	0.06125	0.0115862
0.09875	0.06125	0.0112878
0.00125	0.06375	0.0117931
0.00375	0.06375	0.0121168
0.00625	0.06375	0.0124183
0.00875	0.06375	0.0128847
0.01125	0.06375	0.0135178
0.01375	0.06375	0.0143618
0.01625	0.06375	0.0153948
0.01875	0.06375	0.0167522
0.02125	0.06375	0.0182976
0.02375	0.06375	0.0205111
0.02625	0.06375	0.0226643
0.02875	0.06375	0.0267866
0.03125	0.06375	0.0287576
0.03375	0.06375	0.0387398
0.03625	0.06375	0.0320492
0.03875	0.06375	0.0646753
0.04125	0.06375	0.0187172
0.04375	0.06375	0.05216
0.04625	0.06375	0.0690274
0.04875	0.06375	0.0694801
0.05125	0.06375	0.0694801
0.05375	0.06375	0.0690274
0.05625	0.06375	0.05216
0.05875	0.06375	0.0187172
0.06125	0.06375	0.0646753
0.06375	0.06375	0.0320492
0.06625	0.06375	0.0387398
0.06875	0.06375	0.0287576
0.07125	0.06375	0.0267866
0.07375	0.06375	0.0226643
0.07625	0.06375	0.0205111
0.07875	0.06375	0.0182976
0.08125	0.06375	0.0167522
0.08375	0.06375	0.0153948
0.08625	0.06375	0.0143618
0.08875	0.06375	0.0135178
0.09125	0.06375	0.0128847
0.09375	0.06375	0.0124183
0.09625	0.06375	0.0121168
0.09875	0.06375	0.0117931
0.00125	0.06625	0.0126489
0.00375	0.06625	0.0130094
0.00625	0.06625	0.0133639
0.00875	0.06625	0.0139151
0.01125	0.06625	0.0146767
0.01375	0.06625	0.0156804
0.01625	0.06625	0.0169815
0.01875	0.06625	0.0185627
0.02125	0.06625	0.0206799
0.02375	0.06625	0.0229133
0.02625	0.06625	0.0264662
0.02875	0.06625	0.028666
0.03125	0.06625	0.035363
0.03375	0.06625	0.0328685
0.03625	0.06625	0.0484077
0.03875	0.06625	0.0384655
0.04125	0.06625	0.0685747
0.04375	0.06625	0.0690104
0.04625	0.06625	0.0682113
0.04875	0.06625	0.0676853
0.05125	0.06625	0.0676853
0.05375	0.06625	0.0682113
0.05625	0.06625	0.0690104
0.05875	0.06625	0.0685747
0.06125	0.06625	0.0384655
0.06375	0.06625	0.0484077
0.06625	0.06625	0.0328685
0.06875	0.06625	0.035363
0.07125	0.06625	0.028666
0.07375	0.06625	0.0264662
0.07625	0.06625	0.0229133
0.07875	0.06625	0.0206799
0.08125	0.06625	0.0185627
0.08375	0.06625	0.0169815
0.08625	0.06625	0.0156804
0.08875	0.06625	0.0146767
0.09125	0.06625	0.0139151
0.09375	0.06625	0.0133639
0.09625	0.06625	0.0130094
0.09875	0.06625	0.0126489
0.00125	0.06875	0.012599
0.00375	0.06875	0.0129791
0.00625	0.06875	0.0133609
0.00875	0.06875	0.0139677
0.01125	0.06875	0.0147721
0.01375	0.06875	0.0158773
0.01625	0.06875	0.0171974
0.01875	0.06875	0.0189675
0.02125	0.06875	0.020973
0.02375	0.06875	0.0237312
0.02625	0.06875	0.0268826
0.02875	0.06875	0.0312896
0.03125	0.06875	0.038324
0.03375	0.06875	0.0455535
0.03625	0.06875	0.0741709
0.03875	0.06875	0.0180365
0.04125	0.06875	0.0683059
0.04375	0.06875	0.0675807
0.04625	0.06875	0.0685323
0.04875	0.06875	0.0684045
0.05125	0.06875	0.0684045
0.05375	0.06875	0.0685323
0.05625	0.06875	0.0675807
0.05875	0.06875	0.0683059
0.06125	0.06875	0.0180365
0.06375	0.06875	0.0741709
0.06625	0.06875	0.0455535
0.06875	0.06875	0.038324
0.07125	0.06875	0.0312896
0.07375	0.06875	0.0268826
0.07625	0.06875	0.0237312
0.07875	0.06875	0.020973
0.08125	0.06875	0.0189675
0.08375	0.06875	0.0171974
0.08625	0.06875	0.0158773
0.08875	0.06875	0.0147721
0.09125	0.06875	0.0139677
0.09375	0.06875	0.0133609
0.09625	0.06875	0.0129791
0.09875	0.06875	0.012599
0.00125	0.07125	0.013476
0.00375	0.07125	0.0138922
0.00625	0.07125	0.0143265
0.00875	0.07125	0.0150252
0.01125	0.07125	0.0159564
0.01375	0.07125	0.017263
0.01625	0.07125	0.0188544
0.01875	0.07125	0.0210808
0.02125	0.07125	0.0236822
0.02375	0.07125	0.027635
0.02625	0.07125	0.0319976
0.02875	0.07125	0.0400058
0.03125	0.07125	0.0478758
0.03375	0.07125	0.0664924
0.03625	0.07125	0.0390869
0.03875	0.07125	0.0683814
0.04125	0.07125	0.0684853
0.04375	0.07125	0.0684288
0.04625	0.07125	0.0683451
0.04875	0.07125	0.0682103
0.05125	0.07125	0.0682103
0.05375	0.07125	0.0683451
0.05625	0.07125	0.0684288
0.05875	0.07125	0.0684853
0.06125	0.07125	0.0683814
0.06375	0.07125	0.0390869
0.06625	0.07125	0.0664924
0.06875	0.07125	0.0478758
0.07125	0.07125	0.0400058
0.07375	0.07125	0.0319976
0.07625	0.07125	0.027635
0.07875	0.07125	0.0236822
0.08125	0.07125	0.0210808
0.08375	0.07125	0.0188544
0.08625	0.07125	0.017263
0.08875	0.07125	0.0159564
0.09125	0.07125	0.0150252
0.09375	0.07125	0.0143265
0.09625	0.07125	0.0138922
0.09875	0.07125	0.013476
0.00125	0.07375	0.0125592
0.00375	0.07375	0.0129847
0.00625	0.07375	0.0134608
0.00875	0.07375	0.0142149
0.01125	0.07375	0.0152297
0.01375	0.07375	0.0166094
0.01625	0.07375	0.0183166
0.01875	0.07375	0.0205425
0.02125	0.07375	0.0232115
0.02375	0.07375	0.0266822
0.02625	0.07375	0.0305301
0.02875	0.07375	0.0359478
0.03125	0.07375	0.0394491
0.03375	0.07375	0.0481005
0.03625	0.07375	0.00110121
0.03875	0.07375	0.0682637
0.04125	0.07375	0.0685134
0.04375	0.07375	0.0681716
0.04625	0.07375	0.0683886
0.04875	0.07375	0.0682794
0.05125	0.07375	0.0682794
0.05375	0.07375	0.0683886
0.05625	0.07375	0.0681716
0.05875	0.07375	0.0685134
0.06125	0.07375	0.0682637
0.06375	0.07375	0.00110121
0.06625	0.07375	0.0481005
0.06875	0.07375	0.0394491
0.07125	0.07375	0.0359478
0.07375	0.07375	0.0305301
0.07625	0.07375	0.0266822
0.07875	0.07375	0.0232115
0.08125	0.07375	0.0205425
0.08375	0.07375	0.0183166
0.08625	0.07375	0.0166094
0.08875	0.07375	0.0152297
0.09125	0.07375	0.0142149
0.09375	0.07375	0.0134608
0.09625	0.07375	0.0129847
0.09875	0.07375	0.0125592
0.00125	0.07625	0.0135964
0.00375	0.07625	0.0140519
0.00625	0.07625	0.0145635
0.00875	0.07625	0.0153821
0.01125	0.07625	0.0164598
0.01375	0.07625	0.0179612
0.01625	0.07625	0.0197356
0.01875	0.07625	0.0222053
0.02125	0.07625	0.0248822
0.02375	0.07625	0.0289884
0.02625	0.07625	0.0326449
0.02875	0.07625	0.0403927
0.03125	0.07625	0.0434461
0.03375	0.07625	0.0634712
0.03625	0.07625	0.00736901
0.03875	0.07625	0.0682151
0.04125	0.07625	0.0684391
0.04375	0.07625	0.0681384
0.04625	0.07625	0.0684553
0.04875	0.07625	0.0683487
0.05125	0.07625	0.0683487
0.05375	0.07625	0.0684553
0.05625	0.07625	0.0681384
0.05875	0.07625	0.0684391
0.06125	0.07625	0.0682151
0.06375	0.07625	0.00736901
0.06625	0.07625	0.0634712
0.06875	0.07625	0.0434461
0.07125	0.07625	0.0403927
0.07375	0.07625	0.0326449
0.07625	0.07625	0.0289884
0.07875	0.07625	0.0248822
0.08125	0.07625	0.0222053
0.08375	0.07625	0.0197356
0.08625	0.07625	0.0179612
0.08875	0.07625	0.0164598
0.09125	0.07625	0.0153821
0.09375	0.07625	0.0145635
0.09625	0.07625	0.0140519
0.09875	0.07625	0.0135964
0.00125	0.07875	0.0113886
0.00375	0.07875	0.0118435
0.00625	0.07875	0.0124304
0.00875	0.07875	0.0133243
0.01125	0.07875	0.0145811
0.01375	0.07875	0.0161803
0.01625	0.07875	0.0183781
0.01875	0.07875	0.0208845
0.02125	0.07875	0.0248162
0.02375	0.07875	0.0285238
0.02625	0.07875	0.0367239
0.02875	0.07875	0.0416982
0.03125	0.07875	0.0630632
0.03375	0.07875	0.0468707
0.03625	0.07875	0.0420157
0.03875	0.07875	0.0704549
0.04125	0.07875	0.0685633
0.04375	0.07875	0.0685964
0.04625	0.07875	0.0682549
0.04875	0.07875	0.0681391
0.05125	0.07875	0.0681391
0.05375	0.07875	0.0682549
0.05625	0.07875	0.0685964
0.05875	0.07875	0.0685633
0.06125	0.07875	0.0704549
0.06375	0.07875	0.0420157
0.06625	0.07875	0.0468707
0.06875	0.07875	0.0630632
0.07125	0.07875	0.0416982
0.07375	0.07875	0.0367239
0.07625	0.07875	0.0285238
0.07875	0.07875	0.0248162
0.08125	0.07875	0.0208845
0.08375	0.07875	0.0183781
0.08625	0.07875	0.0161803
0.08875	0.07875	0.0145811
0.09125	0.07875	0.0133243
0.09375	0.07875	0.0124304
0.09625	0.07875	0.0118435
0.09875	0.07875	0.0113886
0.00125	0.08125	0.0129645
0.00375	0.08125	0.0134469
0.00625	0.08125	0.0140453
0.00875	0.08125	0.0149715
0.01125	0.08125	0.0162108
0.01375	0.08125	0.0178684
0.01625	0.08125	0.0198674
0.01875	0.08125	0.0225362
0.02125	0.08125	0.0255416
0.02375	0.08125	0.0299315
0.02625	0.08125	0.034461
0.02875	0.08125	0.0426159
0.03125	0.08125	0.0501351
0.03375	0.08125	0.0679546
0.03625	0.08125	0.0282482
0.03875	0.08125	0.051669
0.04125	0.08125	0.068278
0.04375	0.08125	0.0674322
0.04625	0.08125	0.068769
0.04875	0.08125	0.0686175
0.05125	0.08125	0.0686175
0.05375	0.08125	0.068769
0.05625	0.08125	0.0674322
0.05875	0.08125	0.068278
0.06125	0.08125	0.051669
0.06375	0.08125	0.0282482
0.06625	0.08125	0.0679546
0.06875	0.08125	0.0501351
0.07125	0.08125	0.0426159
0.07375	0.08125	0.034461
0.07625	0.08125	0.0299315
0.07875	0.08125	0.0255416
0.08125	0.08125	0.0225362
0.08375	0.08125	0.0198674
0.08625	0.08125	0.0178684
0.08875	0.08125	0.0162108
0.09125	0.08125	0.0149715
0.09375	0.08125	0.0140453
0.09625	0.08125	0.0134469
0.09875	0.08125	0.0129645
0.00125	0.08375	0.00891862
0.00375	0.08375	0.00940736
0.00625	0.08375	0.0101424
0.00875	0.08375	0.0112121
0.01125	0.08375	0.012686
0.01375	0.08375	0.0144793
0.01625	0.08375	0.0168292
0.01875	0.08375	0.0194977
0.02125	0.08375	0.023093
0.02375	0.08375	0.0270127
0.02625	0.08375	0.032396
0.02875	0.08375	0.0384974
0.03125	0.08375	0.0451113
0.03375	0.08375	0.0557835
0.03625	0.08375	0.0384587
0.03875	0.08375	0.0473185
0.04125	0.08375	0.0703288
0.04375	0.08375	0.0697852
0.04625	0.08375	0.0678247
0.04875	0.08375	0.0673343
0.05125	0.08375	0.0673343
0.05375	0.08375	0.0678247
0.05625	0.08375	0.0697852
0.05875	0.08375	0.0703288
0.06125	0.08375	0.0473185
0.06375	0.08375	0.0384587
0.06625	0.08375	0.0557835
0.06875	0.08375	0.0451113
0.07125	0.08375	0.0384974
0.07375	0.08375	0.032396
0.07625	0.08375	0.0270127
0.07875	0.08375	0.023093
0.08125	0.08375	0.0194977
0.08375	0.08375	0.0168292
0.08625	0.08375	0.0144793
0.08875	0.08375	0.012686
0.09125	0.08375	0.0112121
0.09375	0.08375	0.0101424
0.09625	0.08375	0.00940736
0.09875	0.08375	0.00891862
0.00125	0.08625	0.0117017
0.00375	0.08625	0.0122098
0.00625	0.08625	0.0129088
0.00875	0.08625	0.0139476
0.01125	0.08625	0.0153544
0.01375	0.08625	0.0171412
0.01625	0.08625	0.0193325
0.01875	0.08625	0.0220886
0.02125	0.08625	0.0252699
0.02375	0.08625	0.029567
0.02625	0.08625	0.0341622
0.02875	0.08625	0.0412613
0.03125	0.08625	0.0481951
0.03375	0.08625	0.0600253
0.03625	0.08625	0.0664312
0.03875	0.08625	0.0416003
0.04125	0.08625	0.0524357
0.04375	0.08625	0.0644478
0.04625	0.08625	0.0699944
0.04875	0.08625	0.0700513
0.05125	0.08625	0.0700513
0.05375	0.08625	0.0699944
0.05625	0.08625	0.0644478
0.05875	0.08625	0.0524357
0.06125	0.08625	0.0416003
0.06375	0.08625	0.0664312
0.06625	0.08625	0.0600253
0.06875	0.08625	0.0481951
0.07125	0.08625	0.0412613
0.07375	0.08625	0.0341622
0.07625	0.08625	0.029567
0.07875	0.08625	0.0252699
0.08125	0.08625	0.0220886
0.08375	0.08625	0.0193325
0.08625	0.08625	0.0171412
0.08875	0.08625	0.0153544
0.09125	0.08625	0.0139476
0.09375	0.08625	0.0129088
0.09625	0.08625	0.0122098
0.09875	0.08625	0.0117017
0.00125	0.08875	0.00515959
0.00375	0.08875	0.00580617
0.00625	0.08875	0.00690208
0.00875	0.08875	0.00833929
0.01125	0.08875	0.0101643
0.01375	0.08875	0.0122244
0.01625	0.08875	0.0147467
0.01875	0.08875	0.0175155
0.02125	0.08875	0.0209174
0.02375	0.08875	0.0246989
0.02625	0.08875	0.0291876
0.02875	0.08875	0.034671
0.03125	0.08875	0.04033
0.03375	0.08875	0.0493537
0.03625	0.08875	0.0570599
0.03875	0.08875	0.0659822
0.04125	0.08875	0.047792
0.04375	0.08875	0.069384
0.04625	0.08875	0.0599348
0.04875	0.08875	0.0652475
0.05125	0.08875	0.0652475
0.05375	0.08875	0.0599348
0.05625	0.08875	0.069384
0.05875	0.08875	0.047792
0.06125	0.08875	0.0659822
0.06375	0.08875	0.0570599
0.06625	0.08875	0.0493537
0.06875	0.08875	0.04033
0.07125	0.08875	0.034671
0.07375	0.08875	0.0291876
0.07625	0.08875	0.0246989
0.07875	0.08875	0.0209174
0.08125	0.08875	0.0175155
0.08375	0.08875	0.0147467
0.08625	0.08875	0.0122244
0.08875	0.08875	0.0101643
0.09125	0.08875	0.00833929
0.09375	0.08875	0.00690208
0.09625	0.08875	0.00580617
0.09875	0.08875	0.00515959
0.00125	0.09125	0.0100801
0.00375	0.09125	0.0106233
0.00625	0.09125	0.0114317
0.00875	0.09125	0.0125902
0.01125	0.09125	0.0141435
0.01375	0.09125	0.0160264
0.01625	0.09125	0.0183171
0.01875	0.09125	0.0210203
0.02125	0.09125	0.0241281
0.02375	0.09125	0.0279048
0.02625	0.09125	0.031927
0.02875	0.09125	0.0371023
0.03125	0.09125	0.0420031
0.03375	0.09125	0.0486015
0.03625	0.09125	0.0539276
0.03875	0.09125	0.0611042
0.04125	0.09125	0.0591128
0.04375	0.09125	0.0538728
0.04625	0.09125	0.0521695
0.04875	0.09125	0.0660774
0.05125	0.09125	0.0660774
0.05375	0.09125	0.0521695
0.05625	0.09125	0.0538728
0.05875	0.09125	0.0591128
0.06125	0.09125	0.0611042
0.06375	0.09125	0.0539276
0.06625	0.09125	0.0486015
0.06875	0.09125	0.0420031
0.07125	0.09125	0.0371023
0.07375	0.09125	0.031927
0.07625	0.09125	0.0279048
0.07875	0.09125	0.0241281
0.08125	0.09125	0.0210203
0.08375	0.09125	0.0183171
0.08625	0.09125	0.0160264
0.08875	0.09125	0.0141435
0.09125	0.09125	0.0125902
0.09375	0.09125	0.0114317
0.09625	0.09125	0.0106233
0.09875	0.09125	0.0100801
0.00125	0.09375	0.000911548
0.00375	0.09375	0.00270598
0.00625	0.09375	0.0046185
0.00875	0.09375	0.00658086
0.01125	0.09375	0.00876865
0.01375	0.09375	0.0110663
0.01625	0.09375	0.0137217
0.01875	0.09375	0.016545
0.02125	0.09375	0.0198508
0.02375	0.09375	0.0234062
0.02625	0.09375	0.027454
0.02875	0.09375	0.0319334
0.03125	0.09375	0.0365771
0.03375	0.09375	0.0419632
0.03625	0.09375	0.046849
0.03875	0.09375	0.0518483
0.04125	0.09375	0.0573652
0.04375	0.09375	0.0523001
0.04625	0.09375	0.0427742
0.04875	0.09375	0.0511566
0.05125	0.09375	0.0511566
0.05375	0.09375	0.0427742
0.05625	0.09375	0.0523001
0.05875	0.09375	0.0573652
0.06125	0.09375	0.0518483
0.06375	0.09375	0.046849
0.06625	0.09375	0.0419632
0.06875	0.09375	0.0365771
0.07125	0.09375	0.0319334
0.07375	0.09375	0.027454
0.07625	0.09375	0.0234062
0.07875	0.09375	0.0198508
0.08125	0.09375	0.016545
0.08375	0.09375	0.0137217
0.08625	0.09375	0.0110663
0.08875	0.09375	0.00876865
0.09125	0.09375	0.00658086
0.09375	0.09375	0.0046185
0.09625	0.09375	0.00270598
0.09875	0.09375	0.000911548
0.00125	0.09625	0.00845852
0.00375	0.09625	0.00904047
0.00625	0.09625	0.00994266
0.00875	0.09625	0.0111979
0.01125	0.09625	0.0128496
0.01375	0.09625	0.0147881
0.01625	0.09625	0.0171153
0.01875	0.09625	0.0197408
0.02125	0.09625	0.0227472
0.02375	0.09625	0.026115
0.02625	0.09625	0.029725
0.02875	0.09625	0.0337005
0.03125	0.09625	0.0374798
0.03375	0.09625	0.0411805
0.03625	0.09625	0.0438216
0.03875	0.09625	0.0445769
0.04125	0.09625	0.0432135
0.04375	0.09625	0.03612
0.04625	0.09625	0.0302493
0.04875	0.09625	0.0241162
0.05125	0.09625	0.0241162
0.05375	0.09625	0.0302493
0.05625	0.09625	0.03612
0.05875	0.09625	0.0432135
0.06125	0.09625	0.0445769
0.06375	0.09625	0.0438216
0.06625	0.09625	0.0411805
0.06875	0.09625	0.0374798
0.07125	0.09625	0.0337005
0.07375	0.09625	0.029725
0.07625	0.09625	0.026115
0.07875	0.09625	0.0227472
0.08125	0.09625	0.0197408
0.08375	0.09625	0.0171153
0.08625	0.09625	0.0147881
0.08875	0.09625	0.0128496
0.09125	0.09625	0.0111979
0.09375	0.09625	0.00994266
0.09625	0.09625	0.00904047
0.09875	0.09625	0.00845852
0.00125	0.09875	0.00592162
0.00375	0.09875	0.00658028
0.00625	0.09875	0.00762075
0.00875	0.09875	0.00900594
0.01125	0.09875	0.0107675
0.01375	0.09875	0.0127673
0.01625	0.09875	0.0151451
0.01875	0.09875	0.0177504
0.02125	0.09875	0.0207692
0.02375	0.09875	0.0240251
0.02625	0.09875	0.0276289
0.02875	0.09875	0.0313994
0.03125	0.09875	0.0351712
0.03375	0.09875	0.0386676
0.03625	0.09875	0.0413613
0.03875	0.09875	0.0421938
0.04125	0.09875	0.0410657
0.04375	0.09875	0.0344712
0.04625	0.09875	0.0249644
0.04875	0.09875	0.015976
0.05125	0.09875	0.015976
0.05375	0.09875	0.0249644
0.05625	0.09875	0.0344712
0.05875	0.09875	0.0410657
0.06125	0.09875	0.0421938
0.06375	0.09875	0.0413613
0.06625	0.09875	0.0386676
0.06875	0.09875	0.0351712
0.07125	0.09875	0.0313994
0.07375	0.09875	0.0276289
0.07625	0.09875	0.0240251
0.07875	0.09875	0.0207692
0.08125	0.09875	0.0177504
0.08375	0.09875	0.0151451
0.08625	0.09875	0.0127673
0.08875	0.09875	0.0107675
0.09125	0.09875	0.00900594
0.09375	0.09875	0.00762075
0.09625	0.09875	0.00658028
0.09875	0.09875	0.00592162
