0.00125	0.00125	-3.92379e-15
0.00375	0.00125	-4.12981e-15
0.00625	0.00125	-4.12957e-15
0.00875	0.00125	-4.13068e-15
0.01125	0.00125	-4.13403e-15
0.01375	0.00125	-4.13396e-15
0.01625	0.00125	-4.13065e-15
0.01875	0.00125	-4.13237e-15
0.02125	0.00125	-4.13148e-15
0.02375	0.00125	-4.13108e-15
0.02625	0.00125	-4.13359e-15
0.02875	0.00125	-4.13327e-15
0.03125	0.00125	-4.13068e-15
0.03375	0.00125	-4.13133e-15
0.03625	0.00125	-4.13483e-15
0.03875	0.00125	-4.1343e-15
0.04125	0.00125	-4.13045e-15
0.04375	0.00125	-4.13399e-15
0.04625	0.00125	-4.13053e-15
0.04875	0.00125	-4.12953e-15
0.05125	0.00125	-4.12953e-15
0.05375	0.00125	-4.13053e-15
0.05625	0.00125	-4.13226e-15
0.05875	0.00125	-4.13046e-15
0.06125	0.00125	-4.1335e-15
0.06375	0.00125	-4.13482e-15
0.06625	0.00125	-4.13307e-15
0.06875	0.00125	-4.13069e-15
0.07125	0.00125	-4.13327e-15
0.07375	0.00125	-4.13185e-15
0.07625	0.00125	-4.13108e-15
0.07875	0.00125	-4.13168e-15
0.08125	0.00125	-4.13411e-15
0.08375	0.00125	-4.13065e-15
0.08625	0.00125	-4.13397e-15
0.08875	0.00125	-4.13229e-15
0.09125	0.00125	-4.13068e-15
0.09375	0.00125	-4.13131e-15
0.09625	0.00125	-4.12981e-15
0.09875	0.00125	-3.92205e-15
0.00125	0.00375	2.48387e-15
0.00375	0.00375	2.62572e-15
0.00625	0.00375	2.63015e-15
0.00875	0.00375	2.63158e-15
0.01125	0.00375	2.62985e-15
0.01375	0.00375	2.63172e-15
0.01625	0.00375	2.63014e-15
0.01875	0.00375	2.63253e-15
0.02125	0.00375	2.63143e-15
0.02375	0.00375	2.63124e-15
0.02625	0.00375	2.63059e-15
0.02875	0.00375	2.62841e-15
0.03125	0.00375	2.63091e-15
0.03375	0.00375	2.63184e-15
0.03625	0.00375	2.63221e-15
0.03875	0.00375	2.63076e-15
0.04125	0.00375	2.63098e-15
0.04375	0.00375	2.63181e-15
0.04625	0.00375	2.62938e-15
0.04875	0.00375	2.63154e-15
0.05125	0.00375	2.6316e-15
0.05375	0.00375	2.63111e-15
0.05625	0.00375	2.63178e-15
0.05875	0.00375	2.6332e-15
0.06125	0.00375	2.6273e-15
0.06375	0.00375	2.63217e-15
0.06625	0.00375	2.63183e-15
0.06875	0.00375	2.62922e-15
0.07125	0.00375	2.63015e-15
0.07375	0.00375	2.63057e-15
0.07625	0.00375	2.6347e-15
0.07875	0.00375	2.62973e-15
0.08125	0.00375	2.63304e-15
0.08375	0.00375	2.63013e-15
0.08625	0.00375	2.62836e-15
0.08875	0.00375	2.63148e-15
0.09125	0.00375	2.62989e-15
0.09375	0.00375	2.63014e-15
0.09625	0.00375	2.62576e-15
0.09875	0.00375	2.4838e-15
0.00125	0.00625	-3.21917e-15
0.00375	0.00625	-3.3901e-15
0.00625	0.00625	-3.39345e-15
0.00875	0.00625	-3.39199e-15
0.01125	0.00625	-3.39325e-15
0.01375	0.00625	-3.39399e-15
0.01625	0.00625	-3.39078e-15
0.01875	0.00625	-3.39637e-15
0.02125	0.00625	-3.39239e-15
0.02375	0.00625	-3.39309e-15
0.02625	0.00625	-3.39549e-15
0.02875	0.00625	-3.39354e-15
0.03125	0.00625	-3.39097e-15
0.03375	0.00625	-3.39289e-15
0.03625	0.00625	-3.39327e-15
0.03875	0.00625	-3.39348e-15
0.04125	0.00625	-3.39422e-15
0.04375	0.00625	-3.39346e-15
0.04625	0.00625	-3.39375e-15
0.04875	0.00625	-3.39236e-15
0.05125	0.00625	-3.3941e-15
0.05375	0.00625	-3.39375e-15
0.05625	0.00625	-3.39172e-15
0.05875	0.00625	-3.39422e-15
0.06125	0.00625	-3.39141e-15
0.06375	0.00625	-3.39153e-15
0.06625	0.00625	-3.39289e-15
0.06875	0.00625	-3.39097e-15
0.07125	0.00625	-3.39528e-15
0.07375	0.00625	-3.39376e-15
0.07625	0.00625	-3.39309e-15
0.07875	0.00625	-3.39283e-15
0.08125	0.00625	-3.39637e-15
0.08375	0.00625	-3.39252e-15
0.08625	0.00625	-3.394e-15
0.08875	0.00625	-3.39324e-15
0.09125	0.00625	-3.39373e-15
0.09375	0.00625	-3.39345e-15
0.09625	0.00625	-3.38837e-15
0.09875	0.00625	-3.21916e-15
0.00125	0.00875	2.56898e-15
0.00375	0.00875	2.71176e-15
0.00625	0.00875	2.71248e-15
0.00875	0.00875	2.71579e-15
0.01125	0.00875	2.71416e-15
0.01375	0.00875	2.71392e-15
0.01625	0.00875	2.71373e-15
0.01875	0.00875	2.71411e-15
0.02125	0.00875	2.71636e-15
0.02375	0.00875	2.71234e-15
0.02625	0.00875	2.71244e-15
0.02875	0.00875	2.71369e-15
0.03125	0.00875	2.71329e-15
0.03375	0.00875	2.71229e-15
0.03625	0.00875	2.71373e-15
0.03875	0.00875	2.71145e-15
0.04125	0.00875	2.71408e-15
0.04375	0.00875	2.71266e-15
0.04625	0.00875	2.71172e-15
0.04875	0.00875	2.71426e-15
0.05125	0.00875	2.71339e-15
0.05375	0.00875	2.70999e-15
0.05625	0.00875	2.71179e-15
0.05875	0.00875	2.71401e-15
0.06125	0.00875	2.71145e-15
0.06375	0.00875	2.71286e-15
0.06625	0.00875	2.71402e-15
0.06875	0.00875	2.71415e-15
0.07125	0.00875	2.71195e-15
0.07375	0.00875	2.71244e-15
0.07625	0.00875	2.71234e-15
0.07875	0.00875	2.71289e-15
0.08125	0.00875	2.71367e-15
0.08375	0.00875	2.71114e-15
0.08625	0.00875	2.71565e-15
0.08875	0.00875	2.71416e-15
0.09125	0.00875	2.71318e-15
0.09375	0.00875	2.71595e-15
0.09625	0.00875	2.71002e-15
0.09875	0.00875	2.56985e-15
0.00125	0.01125	-3.07239e-15
0.00375	0.01125	-3.23941e-15
0.00625	0.01125	-3.24365e-15
0.00875	0.01125	-3.24296e-15
0.01125	0.01125	-3.24466e-15
0.01375	0.01125	-3.24809e-15
0.01625	0.01125	-3.24138e-15
0.01875	0.01125	-3.24499e-15
0.02125	0.01125	-3.2453e-15
0.02375	0.01125	-3.24421e-15
0.02625	0.01125	-3.24654e-15
0.02875	0.01125	-3.2462e-15
0.03125	0.01125	-3.24503e-15
0.03375	0.01125	-3.2449e-15
0.03625	0.01125	-3.24488e-15
0.03875	0.01125	-3.24403e-15
0.04125	0.01125	-3.24387e-15
0.04375	0.01125	-3.24642e-15
0.04625	0.01125	-3.24298e-15
0.04875	0.01125	-3.24433e-15
0.05125	0.01125	-3.24437e-15
0.05375	0.01125	-3.24129e-15
0.05625	0.01125	-3.24472e-15
0.05875	0.01125	-3.24213e-15
0.06125	0.01125	-3.24463e-15
0.06375	0.01125	-3.24487e-15
0.06625	0.01125	-3.2449e-15
0.06875	0.01125	-3.2468e-15
0.07125	0.01125	-3.24453e-15
0.07375	0.01125	-3.24479e-15
0.07625	0.01125	-3.24586e-15
0.07875	0.01125	-3.24644e-15
0.08125	0.01125	-3.24501e-15
0.08375	0.01125	-3.24133e-15
0.08625	0.01125	-3.24826e-15
0.08875	0.01125	-3.24463e-15
0.09125	0.01125	-3.24477e-15
0.09375	0.01125	-3.24349e-15
0.09625	0.01125	-3.23951e-15
0.09875	0.01125	-3.07225e-15
0.00125	0.01375	2.86463e-15
0.00375	0.01375	3.01892e-15
0.00625	0.01375	3.02441e-15
0.00875	0.01375	3.02635e-15
0.01125	0.01375	3.02366e-15
0.01375	0.01375	3.02362e-15
0.01625	0.01375	3.01921e-15
0.01875	0.01375	3.02316e-15
0.02125	0.01375	3.02302e-15
0.02375	0.01375	3.02046e-15
0.02625	0.01375	3.02159e-15
0.02875	0.01375	3.02105e-15
0.03125	0.01375	3.02303e-15
0.03375	0.01375	3.0225e-15
0.03625	0.01375	3.02379e-15
0.03875	0.01375	3.01821e-15
0.04125	0.01375	3.02139e-15
0.04375	0.01375	3.02128e-15
0.04625	0.01375	3.0207e-15
0.04875	0.01375	3.01897e-15
0.05125	0.01375	3.01896e-15
0.05375	0.01375	3.01723e-15
0.05625	0.01375	3.02302e-15
0.05875	0.01375	3.02188e-15
0.06125	0.01375	3.01995e-15
0.06375	0.01375	3.0238e-15
0.06625	0.01375	3.0225e-15
0.06875	0.01375	3.0213e-15
0.07125	0.01375	3.01931e-15
0.07375	0.01375	3.02159e-15
0.07625	0.01375	3.02219e-15
0.07875	0.01375	3.02301e-15
0.08125	0.01375	3.0254e-15
0.08375	0.01375	3.02095e-15
0.08625	0.01375	3.02361e-15
0.08875	0.01375	3.02366e-15
0.09125	0.01375	3.02462e-15
0.09375	0.01375	3.02441e-15
0.09625	0.01375	3.02065e-15
0.09875	0.01375	2.86637e-15
0.00125	0.01625	-4.43933e-15
0.00375	0.01625	-4.6234e-15
0.00625	0.01625	-4.6172e-15
0.00875	0.01625	-4.61651e-15
0.01125	0.01625	-4.61466e-15
0.01375	0.01625	-4.61105e-15
0.01625	0.01625	-4.60985e-15
0.01875	0.01625	-4.60576e-15
0.02125	0.01625	-4.60631e-15
0.02375	0.01625	-4.60667e-15
0.02625	0.01625	-4.60459e-15
0.02875	0.01625	-4.60169e-15
0.03125	0.01625	-4.59932e-15
0.03375	0.01625	-4.60397e-15
0.03625	0.01625	-4.59689e-15
0.03875	0.01625	-4.59891e-15
0.04125	0.01625	-4.60343e-15
0.04375	0.01625	-4.60366e-15
0.04625	0.01625	-4.60396e-15
0.04875	0.01625	-4.6056e-15
0.05125	0.01625	-4.6056e-15
0.05375	0.01625	-4.60396e-15
0.05625	0.01625	-4.60193e-15
0.05875	0.01625	-4.6017e-15
0.06125	0.01625	-4.59896e-15
0.06375	0.01625	-4.60036e-15
0.06625	0.01625	-4.59876e-15
0.06875	0.01625	-4.59932e-15
0.07125	0.01625	-4.59996e-15
0.07375	0.01625	-4.60458e-15
0.07625	0.01625	-4.60319e-15
0.07875	0.01625	-4.60593e-15
0.08125	0.01625	-4.60576e-15
0.08375	0.01625	-4.60985e-15
0.08625	0.01625	-4.61279e-15
0.08875	0.01625	-4.61293e-15
0.09125	0.01625	-4.61478e-15
0.09375	0.01625	-4.61719e-15
0.09625	0.01625	-4.6234e-15
0.09875	0.01625	-4.43759e-15
0.00125	0.01875	-1.90083e-16
0.00375	0.01875	-2.14271e-16
0.00625	0.01875	-2.14956e-16
0.00875	0.01875	-2.1575e-16
0.01125	0.01875	-2.16768e-16
0.01375	0.01875	-2.17683e-16
0.01625	0.01875	-2.18534e-16
0.01875	0.01875	-2.19263e-16
0.02125	0.01875	-2.19863e-16
0.02375	0.01875	-2.20312e-16
0.02625	0.01875	-2.20593e-16
0.02875	0.01875	-2.20684e-16
0.03125	0.01875	-2.20587e-16
0.03375	0.01875	-2.20279e-16
0.03625	0.01875	-2.1976e-16
0.03875	0.01875	-2.1903e-16
0.04125	0.01875	-2.18093e-16
0.04375	0.01875	-2.16974e-16
0.04625	0.01875	-2.15679e-16
0.04875	0.01875	-2.14192e-16
0.05125	0.01875	-2.14192e-16
0.05375	0.01875	-2.15681e-16
0.05625	0.01875	-2.16974e-16
0.05875	0.01875	-2.18096e-16
0.06125	0.01875	-2.1903e-16
0.06375	0.01875	-2.19759e-16
0.06625	0.01875	-2.2028e-16
0.06875	0.01875	-2.20587e-16
0.07125	0.01875	-2.20683e-16
0.07375	0.01875	-2.20592e-16
0.07625	0.01875	-2.20312e-16
0.07875	0.01875	-2.19864e-16
0.08125	0.01875	-2.19264e-16
0.08375	0.01875	-2.18537e-16
0.08625	0.01875	-2.17682e-16
0.08875	0.01875	-2.1677e-16
0.09125	0.01875	-2.1575e-16
0.09375	0.01875	-2.14954e-16
0.09625	0.01875	-2.14266e-16
0.09875	0.01875	-1.90086e-16
0.00125	0.02125	-2.29432e-17
0.00375	0.02125	-2.3524e-17
0.00625	0.02125	-2.32884e-17
0.00875	0.02125	-2.33684e-17
0.01125	0.02125	-2.34248e-17
0.01375	0.02125	-2.35047e-17
0.01625	0.02125	-2.36057e-17
0.01875	0.02125	-2.3724e-17
0.02125	0.02125	-2.38658e-17
0.02375	0.02125	-2.40294e-17
0.02625	0.02125	-2.42003e-17
0.02875	0.02125	-2.43942e-17
0.03125	0.02125	-2.45869e-17
0.03375	0.02125	-2.47817e-17
0.03625	0.02125	-2.49718e-17
0.03875	0.02125	-2.51415e-17
0.04125	0.02125	-2.52692e-17
0.04375	0.02125	-2.53571e-17
0.04625	0.02125	-2.53942e-17
0.04875	0.02125	-2.53627e-17
0.05125	0.02125	-2.5361e-17
0.05375	0.02125	-2.53959e-17
0.05625	0.02125	-2.53554e-17
0.05875	0.02125	-2.52742e-17
0.06125	0.02125	-2.51367e-17
0.06375	0.02125	-2.49684e-17
0.06625	0.02125	-2.478e-17
0.06875	0.02125	-2.45869e-17
0.07125	0.02125	-2.43942e-17
0.07375	0.02125	-2.42003e-17
0.07625	0.02125	-2.40277e-17
0.07875	0.02125	-2.38655e-17
0.08125	0.02125	-2.3724e-17
0.08375	0.02125	-2.36057e-17
0.08625	0.02125	-2.35056e-17
0.08875	0.02125	-2.34239e-17
0.09125	0.02125	-2.33685e-17
0.09375	0.02125	-2.32892e-17
0.09625	0.02125	-2.35224e-17
0.09875	0.02125	-2.29414e-17
0.00125	0.02375	1.99371e-18
0.00375	0.02375	3.55324e-18
0.00625	0.02375	3.94375e-18
0.00875	0.02375	4.06726e-18
0.01125	0.02375	4.0953e-18
0.01375	0.02375	4.07512e-18
0.01625	0.02375	4.00441e-18
0.01875	0.02375	3.8698e-18
0.02125	0.02375	3.67293e-18
0.02375	0.02375	3.41539e-18
0.02625	0.02375	3.1034e-18
0.02875	0.02375	2.73407e-18
0.03125	0.02375	2.31096e-18
0.03375	0.02375	1.85665e-18
0.03625	0.02375	1.33577e-18
0.03875	0.02375	7.75226e-19
0.04125	0.02375	2.43649e-19
0.04375	0.02375	-2.29365e-19
0.04625	0.02375	-6.02731e-19
0.04875	0.02375	-8.37412e-19
0.05125	0.02375	-8.36588e-19
0.05375	0.02375	-6.02726e-19
0.05625	0.02375	-2.30206e-19
0.05875	0.02375	2.43378e-19
0.06125	0.02375	7.7608e-19
0.06375	0.02375	1.33581e-18
0.06625	0.02375	1.8558e-18
0.06875	0.02375	2.31178e-18
0.07125	0.02375	2.73236e-18
0.07375	0.02375	3.10256e-18
0.07625	0.02375	3.41624e-18
0.07875	0.02375	3.67208e-18
0.08125	0.02375	3.86963e-18
0.08375	0.02375	4.00357e-18
0.08625	0.02375	4.07679e-18
0.08875	0.02375	4.09361e-18
0.09125	0.02375	4.06726e-18
0.09375	0.02375	3.94293e-18
0.09625	0.02375	3.55405e-18
0.09875	0.02375	1.99377e-18
0.00125	0.02625	7.40973e-19
0.00375	0.02625	5.22805e-19
0.00625	0.02625	1.67139e-19
0.00875	0.02625	-1.15538e-19
0.01125	0.02625	-4.18529e-19
0.01375	0.02625	-7.95946e-19
0.01625	0.02625	-1.24253e-18
0.01875	0.02625	-1.75611e-18
0.02125	0.02625	-2.33314e-18
0.02375	0.02625	-2.94237e-18
0.02625	0.02625	-3.57436e-18
0.02875	0.02625	-4.22899e-18
0.03125	0.02625	-4.89652e-18
0.03375	0.02625	-5.54864e-18
0.03625	0.02625	-6.12106e-18
0.03875	0.02625	-6.57989e-18
0.04125	0.02625	-6.92156e-18
0.04375	0.02625	-7.12878e-18
0.04625	0.02625	-7.16598e-18
0.04875	0.02625	-7.06591e-18
0.05125	0.02625	-7.06599e-18
0.05375	0.02625	-7.16598e-18
0.05625	0.02625	-7.12962e-18
0.05875	0.02625	-6.92156e-18
0.06125	0.02625	-6.5796e-18
0.06375	0.02625	-6.12019e-18
0.06625	0.02625	-5.54947e-18
0.06875	0.02625	-4.89651e-18
0.07125	0.02625	-4.22818e-18
0.07375	0.02625	-3.5735e-18
0.07625	0.02625	-2.94319e-18
0.07875	0.02625	-2.33293e-18
0.08125	0.02625	-1.75781e-18
0.08375	0.02625	-1.2425e-18
0.08625	0.02625	-7.96125e-19
0.08875	0.02625	-4.19263e-19
0.09125	0.02625	-1.14819e-19
0.09375	0.02625	1.66066e-19
0.09625	0.02625	5.23486e-19
0.09875	0.02625	7.41188e-19
0.00125	0.02875	2.70066e-18
0.00375	0.02875	3.68132e-18
0.00625	0.02875	3.85883e-18
0.00875	0.02875	3.79522e-18
0.01125	0.02875	3.6246e-18
0.01375	0.02875	3.37237e-18
0.01625	0.02875	3.02686e-18
0.01875	0.02875	2.58156e-18
0.02125	0.02875	2.03441e-18
0.02375	0.02875	1.35726e-18
0.02625	0.02875	5.42178e-19
0.02875	0.02875	-3.65243e-19
0.03125	0.02875	-1.37896e-18
0.03375	0.02875	-2.51447e-18
0.03625	0.02875	-3.66557e-18
0.03875	0.02875	-4.76185e-18
0.04125	0.02875	-5.7225e-18
0.04375	0.02875	-6.49533e-18
0.04625	0.02875	-6.98439e-18
0.04875	0.02875	-7.1604e-18
0.05125	0.02875	-7.16029e-18
0.05375	0.02875	-6.98427e-18
0.05625	0.02875	-6.49531e-18
0.05875	0.02875	-5.72241e-18
0.06125	0.02875	-4.76205e-18
0.06375	0.02875	-3.66595e-18
0.06625	0.02875	-2.51444e-18
0.06875	0.02875	-1.37938e-18
0.07125	0.02875	-3.66534e-19
0.07375	0.02875	5.41303e-19
0.07625	0.02875	1.35725e-18
0.07875	0.02875	2.03397e-18
0.08125	0.02875	2.58114e-18
0.08375	0.02875	3.02686e-18
0.08625	0.02875	3.37144e-18
0.08875	0.02875	3.62381e-18
0.09125	0.02875	3.79518e-18
0.09375	0.02875	3.85889e-18
0.09625	0.02875	3.68205e-18
0.09875	0.02875	2.69992e-18
0.00125	0.03125	2.82065e-18
0.00375	0.03125	3.41411e-18
0.00625	0.03125	3.19176e-18
0.00875	0.03125	2.88648e-18
0.01125	0.03125	2.50723e-18
0.01375	0.03125	2.00471e-18
0.01625	0.03125	1.37379e-18
0.01875	0.03125	6.11616e-19
0.02125	0.03125	-2.8324e-19
0.02375	0.03125	-1.30345e-18
0.02625	0.03125	-2.42467e-18
0.02875	0.03125	-3.5969e-18
0.03125	0.03125	-4.82089e-18
0.03375	0.03125	-6.07256e-18
0.03625	0.03125	-7.30394e-18
0.03875	0.03125	-8.46058e-18
0.04125	0.03125	-9.4356e-18
0.04375	0.03125	-1.017e-17
0.04625	0.03125	-1.05326e-17
0.04875	0.03125	-1.05502e-17
0.05125	0.03125	-1.05511e-17
0.05375	0.03125	-1.05326e-17
0.05625	0.03125	-1.017e-17
0.05875	0.03125	-9.43481e-18
0.06125	0.03125	-8.45851e-18
0.06375	0.03125	-7.30221e-18
0.06625	0.03125	-6.07086e-18
0.06875	0.03125	-4.82047e-18
0.07125	0.03125	-3.59692e-18
0.07375	0.03125	-2.42505e-18
0.07625	0.03125	-1.30344e-18
0.07875	0.03125	-2.83151e-19
0.08125	0.03125	6.11225e-19
0.08375	0.03125	1.37397e-18
0.08625	0.03125	2.00478e-18
0.08875	0.03125	2.50651e-18
0.09125	0.03125	2.88632e-18
0.09375	0.03125	3.19154e-18
0.09625	0.03125	3.41492e-18
0.09875	0.03125	2.82091e-18
0.00125	0.03375	4.67334e-18
0.00375	0.03375	6.08055e-18
0.00625	0.03375	6.17048e-18
0.00875	0.03375	5.99802e-18
0.01125	0.03375	5.69774e-18
0.01375	0.03375	5.25911e-18
0.01625	0.03375	4.66757e-18
0.01875	0.03375	3.91316e-18
0.02125	0.03375	2.98947e-18
0.02375	0.03375	1.90525e-18
0.02625	0.03375	6.59471e-19
0.02875	0.03375	-8.04689e-19
0.03125	0.03375	-2.50963e-18
0.03375	0.03375	-4.40173e-18
0.03625	0.03375	-6.37047e-18
0.03875	0.03375	-8.30251e-18
0.04125	0.03375	-1.00173e-17
0.04375	0.03375	-1.14109e-17
0.04625	0.03375	-1.22404e-17
0.04875	0.03375	-1.24932e-17
0.05125	0.03375	-1.2492e-17
0.05375	0.03375	-1.224e-17
0.05625	0.03375	-1.14113e-17
0.05875	0.03375	-1.00172e-17
0.06125	0.03375	-8.30229e-18
0.06375	0.03375	-6.37053e-18
0.06625	0.03375	-4.40174e-18
0.06875	0.03375	-2.50963e-18
0.07125	0.03375	-8.05167e-19
0.07375	0.03375	6.59895e-19
0.07625	0.03375	1.90528e-18
0.07875	0.03375	2.98983e-18
0.08125	0.03375	3.91312e-18
0.08375	0.03375	4.66801e-18
0.08625	0.03375	5.2594e-18
0.08875	0.03375	5.69697e-18
0.09125	0.03375	5.99837e-18
0.09375	0.03375	6.16975e-18
0.09625	0.03375	6.07952e-18
0.09875	0.03375	4.67435e-18
0.00125	0.03625	5.47083e-18
0.00375	0.03625	6.86693e-18
0.00625	0.03625	6.74695e-18
0.00875	0.03625	6.42747e-18
0.01125	0.03625	5.99017e-18
0.01375	0.03625	5.37673e-18
0.01625	0.03625	4.5674e-18
0.01875	0.03625	3.5469e-18
0.02125	0.03625	2.30231e-18
0.02375	0.03625	8.41545e-19
0.02625	0.03625	-8.19069e-19
0.02875	0.03625	-2.63469e-18
0.03125	0.03625	-4.62948e-18
0.03375	0.03625	-6.81569e-18
0.03625	0.03625	-9.11815e-18
0.03875	0.03625	-1.14066e-17
0.04125	0.03625	-1.34429e-17
0.04375	0.03625	-1.51011e-17
0.04625	0.03625	-1.59962e-17
0.04875	0.03625	-1.61814e-17
0.05125	0.03625	-1.61814e-17
0.05375	0.03625	-1.59971e-17
0.05625	0.03625	-1.51011e-17
0.05875	0.03625	-1.34446e-17
0.06125	0.03625	-1.1404e-17
0.06375	0.03625	-9.11813e-18
0.06625	0.03625	-6.81571e-18
0.06875	0.03625	-4.62907e-18
0.07125	0.03625	-2.63391e-18
0.07375	0.03625	-8.19226e-19
0.07625	0.03625	8.42109e-19
0.07875	0.03625	2.30239e-18
0.08125	0.03625	3.5469e-18
0.08375	0.03625	4.56744e-18
0.08625	0.03625	5.37676e-18
0.08875	0.03625	5.98991e-18
0.09125	0.03625	6.42762e-18
0.09375	0.03625	6.74671e-18
0.09625	0.03625	6.86691e-18
0.09875	0.03625	5.47133e-18
0.00125	0.03875	7.28804e-18
0.00375	0.03875	9.31602e-18
0.00625	0.03875	9.38578e-18
0.00875	0.03875	9.15933e-18
0.01125	0.03875	8.78129e-18
0.01375	0.03875	8.21395e-18
0.01625	0.03875	7.42037e-18
0.01875	0.03875	6.37904e-18
0.02125	0.03875	5.06329e-18
0.02375	0.03875	3.47471e-18
0.02625	0.03875	1.6089e-18
0.02875	0.03875	-5.20008e-19
0.03125	0.03875	-3.06562e-18
0.03375	0.03875	-6.05382e-18
0.03625	0.03875	-9.3402e-18
0.03875	0.03875	-1.27142e-17
0.04125	0.03875	-1.58262e-17
0.04375	0.03875	-1.84828e-17
0.04625	0.03875	-2.0002e-17
0.04875	0.03875	-2.04898e-17
0.05125	0.03875	-2.04882e-17
0.05375	0.03875	-2.0002e-17
0.05625	0.03875	-1.84836e-17
0.05875	0.03875	-1.58272e-17
0.06125	0.03875	-1.27137e-17
0.06375	0.03875	-9.34059e-18
0.06625	0.03875	-6.05383e-18
0.06875	0.03875	-3.06569e-18
0.07125	0.03875	-5.19945e-19
0.07375	0.03875	1.60914e-18
0.07625	0.03875	3.47495e-18
0.07875	0.03875	5.06286e-18
0.08125	0.03875	6.37879e-18
0.08375	0.03875	7.41949e-18
0.08625	0.03875	8.21416e-18
0.08875	0.03875	8.78226e-18
0.09125	0.03875	9.15999e-18
0.09375	0.03875	9.38512e-18
0.09625	0.03875	9.31581e-18
0.09875	0.03875	7.28831e-18
0.00125	0.04125	8.65835e-18
0.00375	0.04125	1.09221e-17
0.00625	0.04125	1.09083e-17
0.00875	0.04125	1.06199e-17
0.01125	0.04125	1.01885e-17
0.01375	0.04125	9.53296e-18
0.01625	0.04125	8.61153e-18
0.01875	0.04125	7.38398e-18
0.02125	0.04125	5.80629e-18
0.02375	0.04125	3.87106e-18
0.02625	0.04125	1.55039e-18
0.02875	0.04125	-1.08429e-18
0.03125	0.04125	-4.09452e-18
0.03375	0.04125	-7.64762e-18
0.03625	0.04125	-1.16897e-17
0.03875	0.04125	-1.59628e-17
0.04125	0.04125	-2.0023e-17
0.04375	0.04125	-2.36023e-17
0.04625	0.04125	-2.55662e-17
0.04875	0.04125	-2.61729e-17
0.05125	0.04125	-2.61713e-17
0.05375	0.04125	-2.55679e-17
0.05625	0.04125	-2.36006e-17
0.05875	0.04125	-2.0023e-17
0.06125	0.04125	-1.59617e-17
0.06375	0.04125	-1.16897e-17
0.06625	0.04125	-7.64764e-18
0.06875	0.04125	-4.09455e-18
0.07125	0.04125	-1.08417e-18
0.07375	0.04125	1.55034e-18
0.07625	0.04125	3.8714e-18
0.07875	0.04125	5.80666e-18
0.08125	0.04125	7.38427e-18
0.08375	0.04125	8.61071e-18
0.08625	0.04125	9.53239e-18
0.08875	0.04125	1.01885e-17
0.09125	0.04125	1.06197e-17
0.09375	0.04125	1.09082e-17
0.09625	0.04125	1.09206e-17
0.09875	0.04125	8.65862e-18
0.00125	0.04375	1.06639e-17
0.00375	0.04375	1.34982e-17
0.00625	0.04375	1.36155e-17
0.00875	0.04375	1.34211e-17
0.01125	0.04375	1.30779e-17
0.01375	0.04375	1.2497e-17
0.01625	0.04375	1.16275e-17
0.01875	0.04375	1.04126e-17
0.02125	0.04375	8.78039e-18
0.02375	0.04375	6.71438e-18
0.02625	0.04375	4.14096e-18
0.02875	0.04375	1.1221e-18
0.03125	0.04375	-2.47686e-18
0.03375	0.04375	-6.98127e-18
0.03625	0.04375	-1.24127e-17
0.03875	0.04375	-1.83759e-17
0.04125	0.04375	-2.42655e-17
0.04375	0.04375	-2.97359e-17
0.04625	0.04375	-3.2714e-17
0.04875	0.04375	-3.41025e-17
0.05125	0.04375	-3.41008e-17
0.05375	0.04375	-3.27123e-17
0.05625	0.04375	-2.97342e-17
0.05875	0.04375	-2.42666e-17
0.06125	0.04375	-1.83767e-17
0.06375	0.04375	-1.24126e-17
0.06625	0.04375	-6.98105e-18
0.06875	0.04375	-2.47699e-18
0.07125	0.04375	1.12214e-18
0.07375	0.04375	4.14098e-18
0.07625	0.04375	6.71483e-18
0.07875	0.04375	8.78043e-18
0.08125	0.04375	1.04115e-17
0.08375	0.04375	1.16284e-17
0.08625	0.04375	1.24969e-17
0.08875	0.04375	1.30765e-17
0.09125	0.04375	1.34209e-17
0.09375	0.04375	1.36157e-17
0.09625	0.04375	1.34962e-17
0.09875	0.04375	1.06633e-17
0.00125	0.04625	1.25428e-17
0.00375	0.04625	1.5769e-17
0.00625	0.04625	1.58976e-17
0.00875	0.04625	1.57332e-17
0.01125	0.04625	1.54352e-17
0.01375	0.04625	1.48914e-17
0.01625	0.04625	1.40209e-17
0.01875	0.04625	1.27597e-17
0.02125	0.04625	1.09915e-17
0.02375	0.04625	8.68829e-18
0.02625	0.04625	5.69494e-18
0.02875	0.04625	2.09847e-18
0.03125	0.04625	-2.20181e-18
0.03375	0.04625	-7.53845e-18
0.03625	0.04625	-1.43366e-17
0.03875	0.04625	-2.21544e-17
0.04125	0.04625	-3.03492e-17
0.04375	0.04625	-3.8337e-17
0.04625	0.04625	-4.2697e-17
0.04875	0.04625	-4.48259e-17
0.05125	0.04625	-4.48276e-17
0.05375	0.04625	-4.26987e-17
0.05625	0.04625	-3.83353e-17
0.05875	0.04625	-3.03492e-17
0.06125	0.04625	-2.21546e-17
0.06375	0.04625	-1.43374e-17
0.06625	0.04625	-7.53884e-18
0.06875	0.04625	-2.20201e-18
0.07125	0.04625	2.09844e-18
0.07375	0.04625	5.69474e-18
0.07625	0.04625	8.68868e-18
0.07875	0.04625	1.09924e-17
0.08125	0.04625	1.27597e-17
0.08375	0.04625	1.4021e-17
0.08625	0.04625	1.4892e-17
0.08875	0.04625	1.54345e-17
0.09125	0.04625	1.57305e-17
0.09375	0.04625	1.5897e-17
0.09625	0.04625	1.57711e-17
0.09875	0.04625	1.25415e-17
0.00125	0.04875	1.48391e-17
0.00375	0.04875	1.86276e-17
0.00625	0.04875	1.88709e-17
0.00875	0.04875	1.88397e-17
0.01125	0.04875	1.87046e-17
0.01375	0.04875	1.83284e-17
0.01625	0.04875	1.76205e-17
0.01875	0.04875	1.64933e-17
0.02125	0.04875	1.47894e-17
0.02375	0.04875	1.24716e-17
0.02625	0.04875	9.28874e-18
0.02875	0.04875	5.34976e-18
0.03125	0.04875	4.33602e-19
0.03375	0.04875	-5.79789e-18
0.03625	0.04875	-1.43538e-17
0.03875	0.04875	-2.47867e-17
0.04125	0.04875	-3.62855e-17
0.04375	0.04875	-4.82359e-17
0.04625	0.04875	-5.36912e-17
0.04875	0.04875	-5.90649e-17
0.05125	0.04875	-5.90683e-17
0.05375	0.04875	-5.3698e-17
0.05625	0.04875	-4.82375e-17
0.05875	0.04875	-3.6286e-17
0.06125	0.04875	-2.47876e-17
0.06375	0.04875	-1.43546e-17
0.06625	0.04875	-5.7983e-18
0.06875	0.04875	4.33587e-19
0.07125	0.04875	5.3497e-18
0.07375	0.04875	9.28837e-18
0.07625	0.04875	1.24707e-17
0.07875	0.04875	1.47885e-17
0.08125	0.04875	1.64937e-17
0.08375	0.04875	1.76197e-17
0.08625	0.04875	1.83289e-17
0.08875	0.04875	1.87048e-17
0.09125	0.04875	1.88388e-17
0.09375	0.04875	1.8872e-17
0.09625	0.04875	1.86272e-17
0.09875	0.04875	1.48386e-17
0.00125	0.05125	1.71354e-17
0.00375	0.05125	2.14097e-17
0.00625	0.05125	2.1724e-17
0.00875	0.05125	2.18152e-17
0.01125	0.05125	2.18538e-17
0.01375	0.05125	2.16674e-17
0.01625	0.05125	2.11425e-17
0.01875	0.05125	2.01646e-17
0.02125	0.05125	1.85215e-17
0.02375	0.05125	1.61721e-17
0.02625	0.05125	1.27187e-17
0.02875	0.05125	8.32578e-18
0.03125	0.05125	2.51031e-18
0.03375	0.05125	-4.68878e-18
0.03625	0.05125	-1.50052e-17
0.03875	0.05125	-2.8514e-17
0.04125	0.05125	-4.53446e-17
0.04375	0.05125	-6.32794e-17
0.04625	0.05125	-7.2882e-17
0.04875	0.05125	-8.01437e-17
0.05125	0.05125	-8.01437e-17
0.05375	0.05125	-7.28819e-17
0.05625	0.05125	-6.32761e-17
0.05875	0.05125	-4.53446e-17
0.06125	0.05125	-2.85136e-17
0.06375	0.05125	-1.50043e-17
0.06625	0.05125	-4.689e-18
0.06875	0.05125	2.51033e-18
0.07125	0.05125	8.32607e-18
0.07375	0.05125	1.27187e-17
0.07625	0.05125	1.61721e-17
0.07875	0.05125	1.85219e-17
0.08125	0.05125	2.01646e-17
0.08375	0.05125	2.11417e-17
0.08625	0.05125	2.16687e-17
0.08875	0.05125	2.18541e-17
0.09125	0.05125	2.1815e-17
0.09375	0.05125	2.17242e-17
0.09625	0.05125	2.14102e-17
0.09875	0.05125	1.71349e-17
0.00125	0.05375	1.9679e-17
0.00375	0.05375	2.45046e-17
0.00625	0.05375	2.49501e-17
0.00875	0.05375	2.52478e-17
0.01125	0.05375	2.55587e-17
0.01375	0.05375	2.5681e-17
0.01625	0.05375	2.54901e-17
0.01875	0.05375	2.48102e-17
0.02125	0.05375	2.34159e-17
0.02375	0.05375	2.1154e-17
0.02625	0.05375	1.76336e-17
0.02875	0.05375	1.29723e-17
0.03125	0.05375	6.60467e-18
0.03375	0.05375	-1.09308e-18
0.03625	0.05375	-1.23618e-17
0.03875	0.05375	-2.83328e-17
0.04125	0.05375	-5.06742e-17
0.04375	0.05375	-7.58544e-17
0.04625	0.05375	-7.65607e-17
0.04875	0.05375	-9.70381e-17
0.05125	0.05375	-9.70516e-17
0.05375	0.05375	-7.65642e-17
0.05625	0.05375	-7.58577e-17
0.05875	0.05375	-5.06745e-17
0.06125	0.05375	-2.83319e-17
0.06375	0.05375	-1.23609e-17
0.06625	0.05375	-1.09299e-18
0.06875	0.05375	6.60504e-18
0.07125	0.05375	1.2973e-17
0.07375	0.05375	1.76329e-17
0.07625	0.05375	2.1154e-17
0.07875	0.05375	2.34159e-17
0.08125	0.05375	2.48101e-17
0.08375	0.05375	2.5491e-17
0.08625	0.05375	2.56833e-17
0.08875	0.05375	2.55598e-17
0.09125	0.05375	2.52466e-17
0.09375	0.05375	2.49504e-17
0.09625	0.05375	2.45068e-17
0.09875	0.05375	1.96802e-17
0.00125	0.05625	2.21964e-17
0.00375	0.05625	2.7528e-17
0.00625	0.05625	2.8094e-17
0.00875	0.05625	2.86198e-17
0.01125	0.05625	2.92401e-17
0.01375	0.05625	2.97336e-17
0.01625	0.05625	2.99055e-17
0.01875	0.05625	2.95691e-17
0.02125	0.05625	2.82961e-17
0.02375	0.05625	2.59939e-17
0.02625	0.05625	2.1785e-17
0.02875	0.05625	1.63286e-17
0.03125	0.05625	8.17434e-18
0.03375	0.05625	-9.79052e-19
0.03625	0.05625	-1.28119e-17
0.03875	0.05625	-3.18297e-17
0.04125	0.05625	-6.2599e-17
0.04375	0.05625	-9.97605e-17
0.04625	0.05625	-1.13905e-16
0.04875	0.05625	-1.08166e-16
0.05125	0.05625	-1.0817e-16
0.05375	0.05625	-1.13904e-16
0.05625	0.05625	-9.97606e-17
0.05875	0.05625	-6.25957e-17
0.06125	0.05625	-3.18309e-17
0.06375	0.05625	-1.28115e-17
0.06625	0.05625	-9.79082e-19
0.06875	0.05625	8.17421e-18
0.07125	0.05625	1.63301e-17
0.07375	0.05625	2.17851e-17
0.07625	0.05625	2.59921e-17
0.07875	0.05625	2.82967e-17
0.08125	0.05625	2.95675e-17
0.08375	0.05625	2.99056e-17
0.08625	0.05625	2.97329e-17
0.08875	0.05625	2.92387e-17
0.09125	0.05625	2.8618e-17
0.09375	0.05625	2.80945e-17
0.09625	0.05625	2.75276e-17
0.09875	0.05625	2.21984e-17
0.00125	0.05875	2.47775e-17
0.00375	0.05875	3.06164e-17
0.00625	0.05875	3.134e-17
0.00875	0.05875	3.2154e-17
0.01125	0.05875	3.31892e-17
0.01375	0.05875	3.41662e-17
0.01625	0.05875	3.48889e-17
0.01875	0.05875	3.49416e-17
0.02125	0.05875	3.40005e-17
0.02375	0.05875	3.10007e-17
0.02625	0.05875	2.61014e-17
0.02875	0.05875	1.66907e-17
0.03125	0.05875	7.22795e-18
0.03375	0.05875	-9.71407e-18
0.03625	0.05875	-1.49325e-17
0.03875	0.05875	-2.33981e-17
0.04125	0.05875	-6.53568e-17
0.04375	0.05875	-9.71542e-17
0.04625	0.05875	-2.15749e-18
0.04875	0.05875	-6.72531e-17
0.05125	0.05875	-6.72531e-17
0.05375	0.05875	-2.15753e-18
0.05625	0.05875	-9.7154e-17
0.05875	0.05875	-6.53583e-17
0.06125	0.05875	-2.3398e-17
0.06375	0.05875	-1.49321e-17
0.06625	0.05875	-9.71411e-18
0.06875	0.05875	7.22942e-18
0.07125	0.05875	1.66905e-17
0.07375	0.05875	2.61017e-17
0.07625	0.05875	3.09991e-17
0.07875	0.05875	3.39989e-17
0.08125	0.05875	3.49378e-17
0.08375	0.05875	3.4887e-17
0.08625	0.05875	3.41658e-17
0.08875	0.05875	3.31895e-17
0.09125	0.05875	3.21537e-17
0.09375	0.05875	3.13406e-17
0.09625	0.05875	3.06175e-17
0.09875	0.05875	2.47781e-17
0.00125	0.06125	2.7162e-17
0.00375	0.06125	3.34706e-17
0.00625	0.06125	3.43462e-17
0.00875	0.06125	3.55071e-17
0.01125	0.06125	3.70012e-17
0.01375	0.06125	3.85721e-17
0.01625	0.06125	3.98672e-17
0.01875	0.06125	4.04585e-17
0.02125	0.06125	3.93301e-17
0.02375	0.06125	3.54646e-17
0.02625	0.06125	2.58809e-17
0.02875	0.06125	1.05924e-17
0.03125	0.06125	-1.94881e-17
0.03375	0.06125	-4.33994e-17
0.03625	0.06125	-3.47785e-17
0.03875	0.06125	-4.19394e-17
0.04125	0.06125	-1.95874e-17
0.04375	0.06125	5.31801e-18
0.04625	0.06125	-1.71337e-16
0.04875	0.06125	1.10588e-16
0.05125	0.06125	1.10587e-16
0.05375	0.06125	-1.71337e-16
0.05625	0.06125	5.33159e-18
0.05875	0.06125	-1.95874e-17
0.06125	0.06125	-4.19399e-17
0.06375	0.06125	-3.47784e-17
0.06625	0.06125	-4.33978e-17
0.06875	0.06125	-1.94885e-17
0.07125	0.06125	1.05888e-17
0.07375	0.06125	2.58811e-17
0.07625	0.06125	3.54663e-17
0.07875	0.06125	3.9333e-17
0.08125	0.06125	4.04618e-17
0.08375	0.06125	3.98671e-17
0.08625	0.06125	3.8572e-17
0.08875	0.06125	3.69999e-17
0.09125	0.06125	3.551e-17
0.09375	0.06125	3.43466e-17
0.09625	0.06125	3.34699e-17
0.09875	0.06125	2.71594e-17
0.00125	0.06375	2.93796e-17
0.00375	0.06375	3.60988e-17
0.00625	0.06375	3.71742e-17
0.00875	0.06375	3.87183e-17
0.01125	0.06375	4.07689e-17
0.01375	0.06375	4.30763e-17
0.01625	0.06375	4.52253e-17
0.01875	0.06375	4.65354e-17
0.02125	0.06375	4.56565e-17
0.02375	0.06375	3.94066e-17
0.02625	0.06375	2.36992e-17
0.02875	0.06375	-1.41727e-17
0.03125	0.06375	-8.417e-17
0.03375	0.06375	-1.51373e-16
0.03625	0.06375	-1.06161e-16
0.03875	0.06375	2.16154e-17
0.04125	0.06375	-3.53021e-16
0.04375	0.06375	-1.74337e-16
0.04625	0.06375	2.19767e-13
0.04875	0.06375	8.27091e-14
0.05125	0.06375	8.2723e-14
0.05375	0.06375	2.19767e-13
0.05625	0.06375	-1.7435e-16
0.05875	0.06375	-3.53022e-16
0.06125	0.06375	2.16137e-17
0.06375	0.06375	-1.06163e-16
0.06625	0.06375	-1.51373e-16
0.06875	0.06375	-8.4175e-17
0.07125	0.06375	-1.41775e-17
0.07375	0.06375	2.36974e-17
0.07625	0.06375	3.94082e-17
0.07875	0.06375	4.56564e-17
0.08125	0.06375	4.65362e-17
0.08375	0.06375	4.52254e-17
0.08625	0.06375	4.30776e-17
0.08875	0.06375	4.07659e-17
0.09125	0.06375	3.87193e-17
0.09375	0.06375	3.71729e-17
0.09625	0.06375	3.60999e-17
0.09875	0.06375	2.9377e-17
0.00125	0.06625	3.11056e-17
0.00375	0.06625	3.81814e-17
0.00625	0.06625	3.94291e-17
0.00875	0.06625	4.13995e-17
0.01125	0.06625	4.40565e-17
0.01375	0.06625	4.72696e-17
0.01625	0.06625	5.0497e-17
0.01875	0.06625	5.31085e-17
0.02125	0.06625	5.28483e-17
0.02375	0.06625	4.58501e-17
0.02625	0.06625	2.24251e-17
0.02875	0.06625	-3.63834e-17
0.03125	0.06625	-1.5879e-16
0.03375	0.06625	-2.53419e-16
0.03625	0.06625	-3.3198e-16
0.03875	0.06625	-4.3994e-16
0.04125	0.06625	7.36523e-14
0.04375	0.06625	3.83337e-13
0.04625	0.06625	-7.07726e-14
0.04875	0.06625	-1.5423e-14
0.05125	0.06625	-1.54091e-14
0.05375	0.06625	-7.07656e-14
0.05625	0.06625	3.83337e-13
0.05875	0.06625	7.36454e-14
0.06125	0.06625	-4.39941e-16
0.06375	0.06625	-3.31984e-16
0.06625	0.06625	-2.53421e-16
0.06875	0.06625	-1.58793e-16
0.07125	0.06625	-3.63802e-17
0.07375	0.06625	2.2425e-17
0.07625	0.06625	4.58501e-17
0.07875	0.06625	5.28437e-17
0.08125	0.06625	5.31086e-17
0.08375	0.06625	5.04951e-17
0.08625	0.06625	4.72673e-17
0.08875	0.06625	4.40569e-17
0.09125	0.06625	4.13989e-17
0.09375	0.06625	3.94295e-17
0.09625	0.06625	3.81842e-17
0.09875	0.06625	3.11065e-17
0.00125	0.06875	3.23831e-17
0.00375	0.06875	3.96472e-17
0.00625	0.06875	4.09957e-17
0.00875	0.06875	4.32734e-17
0.01125	0.06875	4.6455e-17
0.01375	0.06875	5.05937e-17
0.01625	0.06875	5.51076e-17
0.01875	0.06875	5.98384e-17
0.02125	0.06875	6.18858e-17
0.02375	0.06875	5.91527e-17
0.02625	0.06875	3.293e-17
0.02875	0.06875	-3.07799e-17
0.03125	0.06875	-2.25413e-16
0.03375	0.06875	-3.03756e-16
0.03625	0.06875	-7.18165e-17
0.03875	0.06875	1.35528e-16
0.04125	0.06875	-1.62055e-13
0.04375	0.06875	-5.86853e-15
0.04625	0.06875	7.22517e-14
0.04875	0.06875	-1.68326e-14
0.05125	0.06875	-1.68395e-14
0.05375	0.06875	7.22517e-14
0.05625	0.06875	-5.87547e-15
0.05875	0.06875	-1.62057e-13
0.06125	0.06875	1.35532e-16
0.06375	0.06875	-7.18164e-17
0.06625	0.06875	-3.03749e-16
0.06875	0.06875	-2.25413e-16
0.07125	0.06875	-3.07769e-17
0.07375	0.06875	3.29331e-17
0.07625	0.06875	5.91561e-17
0.07875	0.06875	6.18892e-17
0.08125	0.06875	5.98478e-17
0.08375	0.06875	5.51073e-17
0.08625	0.06875	5.0598e-17
0.08875	0.06875	4.64542e-17
0.09125	0.06875	4.32731e-17
0.09375	0.06875	4.09995e-17
0.09625	0.06875	3.96413e-17
0.09875	0.06875	3.2382e-17
0.00125	0.07125	3.27989e-17
0.00375	0.07125	4.01261e-17
0.00625	0.07125	4.14692e-17
0.00875	0.07125	4.38934e-17
0.01125	0.07125	4.73629e-17
0.01375	0.07125	5.19518e-17
0.01625	0.07125	5.7259e-17
0.01875	0.07125	6.30901e-17
0.02125	0.07125	6.77519e-17
0.02375	0.07125	6.4802e-17
0.02625	0.07125	4.22537e-17
0.02875	0.07125	-6.20754e-17
0.03125	0.07125	-2.00923e-16
0.03375	0.07125	4.80047e-16
0.03625	0.07125	3.57387e-16
0.03875	0.07125	1.00534e-13
0.04125	0.07125	-1.13224e-13
0.04375	0.07125	3.54701e-13
0.04625	0.07125	-5.82421e-13
0.04875	0.07125	-5.13341e-13
0.05125	0.07125	-5.13341e-13
0.05375	0.07125	-5.82428e-13
0.05625	0.07125	3.54701e-13
0.05875	0.07125	-1.13231e-13
0.06125	0.07125	1.00526e-13
0.06375	0.07125	3.57386e-16
0.06625	0.07125	4.80047e-16
0.06875	0.07125	-2.00909e-16
0.07125	0.07125	-6.20757e-17
0.07375	0.07125	4.22577e-17
0.07625	0.07125	6.4798e-17
0.07875	0.07125	6.77454e-17
0.08125	0.07125	6.30832e-17
0.08375	0.07125	5.72624e-17
0.08625	0.07125	5.19516e-17
0.08875	0.07125	4.73603e-17
0.09125	0.07125	4.38963e-17
0.09375	0.07125	4.14697e-17
0.09625	0.07125	4.0127e-17
0.09875	0.07125	3.27976e-17
0.00125	0.07375	3.27145e-17
0.00375	0.07375	4.01371e-17
0.00625	0.07375	4.15536e-17
0.00875	0.07375	4.39339e-17
0.01125	0.07375	4.71828e-17
0.01375	0.07375	5.12903e-17
0.01625	0.07375	5.5528e-17
0.01875	0.07375	6.02159e-17
0.02125	0.07375	6.15867e-17
0.02375	0.07375	5.5645e-17
0.02625	0.07375	1.55523e-17
0.02875	0.07375	-7.84167e-17
0.03125	0.07375	-5.1419e-17
0.03375	0.07375	2.93664e-15
0.03625	0.07375	1.13855e-15
0.03875	0.07375	1.74184e-13
0.04125	0.07375	-6.27147e-13
0.04375	0.07375	-5.19331e-13
0.04625	0.07375	8.04566e-14
0.04875	0.07375	7.76041e-14
0.05125	0.07375	7.76111e-14
0.05375	0.07375	8.04705e-14
0.05625	0.07375	-5.19331e-13
0.05875	0.07375	-6.27132e-13
0.06125	0.07375	1.74191e-13
0.06375	0.07375	1.13855e-15
0.06625	0.07375	2.93664e-15
0.06875	0.07375	-5.14124e-17
0.07125	0.07375	-7.84091e-17
0.07375	0.07375	1.55463e-17
0.07625	0.07375	5.56412e-17
0.07875	0.07375	6.15867e-17
0.08125	0.07375	6.02134e-17
0.08375	0.07375	5.55279e-17
0.08625	0.07375	5.12899e-17
0.08875	0.07375	4.71834e-17
0.09125	0.07375	4.39301e-17
0.09375	0.07375	4.1551e-17
0.09625	0.07375	4.01398e-17
0.09875	0.07375	3.27134e-17
0.00125	0.07625	3.15958e-17
0.00375	0.07625	3.91541e-17
0.00625	0.07625	4.08153e-17
0.00875	0.07625	4.34615e-17
0.01125	0.07625	4.69796e-17
0.01375	0.07625	5.11653e-17
0.01625	0.07625	5.52607e-17
0.01875	0.07625	5.78267e-17
0.02125	0.07625	5.56147e-17
0.02375	0.07625	3.71559e-17
0.02625	0.07625	-1.785e-17
0.02875	0.07625	-1.28355e-16
0.03125	0.07625	7.61998e-16
0.03375	0.07625	5.63571e-15
0.03625	0.07625	-3.46954e-16
0.03875	0.07625	2.40109e-13
0.04125	0.07625	4.84897e-14
0.04375	0.07625	7.06984e-14
0.04625	0.07625	1.12843e-13
0.04875	0.07625	1.01181e-13
0.05125	0.07625	1.01181e-13
0.05375	0.07625	1.12843e-13
0.05625	0.07625	7.06983e-14
0.05875	0.07625	4.84897e-14
0.06125	0.07625	2.40102e-13
0.06375	0.07625	-3.46954e-16
0.06625	0.07625	5.63571e-15
0.06875	0.07625	7.61991e-16
0.07125	0.07625	-1.28349e-16
0.07375	0.07625	-1.78493e-17
0.07625	0.07625	3.71556e-17
0.07875	0.07625	5.5611e-17
0.08125	0.07625	5.7827e-17
0.08375	0.07625	5.52639e-17
0.08625	0.07625	5.11682e-17
0.08875	0.07625	4.698e-17
0.09125	0.07625	4.3461e-17
0.09375	0.07625	4.08156e-17
0.09625	0.07625	3.91501e-17
0.09875	0.07625	3.15965e-17
0.00125	0.07875	3.00121e-17
0.00375	0.07875	3.76599e-17
0.00625	0.07875	3.96932e-17
0.00875	0.07875	4.25786e-17
0.01125	0.07875	4.63059e-17
0.01375	0.07875	5.05317e-17
0.01625	0.07875	5.40473e-17
0.01875	0.07875	5.47593e-17
0.02125	0.07875	4.55055e-17
0.02375	0.07875	1.06992e-17
0.02625	0.07875	-8.57256e-17
0.02875	0.07875	-6.66288e-17
0.03125	0.07875	2.53465e-15
0.03375	0.07875	1.90407e-14
0.03625	0.07875	1.46498e-14
0.03875	0.07875	-6.10338e-13
0.04125	0.07875	1.12197e-13
0.04375	0.07875	9.97805e-14
0.04625	0.07875	1.17667e-13
0.04875	0.07875	1.11877e-13
0.05125	0.07875	1.11877e-13
0.05375	0.07875	1.17667e-13
0.05625	0.07875	9.97874e-14
0.05875	0.07875	1.12193e-13
0.06125	0.07875	-6.10325e-13
0.06375	0.07875	1.46499e-14
0.06625	0.07875	1.90407e-14
0.06875	0.07875	2.53465e-15
0.07125	0.07875	-6.66367e-17
0.07375	0.07875	-8.57257e-17
0.07625	0.07875	1.06996e-17
0.07875	0.07875	4.55091e-17
0.08125	0.07875	5.47604e-17
0.08375	0.07875	5.40473e-17
0.08625	0.07875	5.05296e-17
0.08875	0.07875	4.63064e-17
0.09125	0.07875	4.25798e-17
0.09375	0.07875	3.96936e-17
0.09625	0.07875	3.76611e-17
0.09875	0.07875	3.00112e-17
0.00125	0.08125	2.71149e-17
0.00375	0.08125	3.44555e-17
0.00625	0.08125	3.65595e-17
0.00875	0.08125	3.94051e-17
0.01125	0.08125	4.29339e-17
0.01375	0.08125	4.65606e-17
0.01625	0.08125	4.90096e-17
0.01875	0.08125	4.69117e-17
0.02125	0.08125	3.21521e-17
0.02375	0.08125	-1.61799e-17
0.02625	0.08125	-1.40586e-16
0.02875	0.08125	3.7476e-16
0.03125	0.08125	1.04437e-14
0.03375	0.08125	2.45381e-14
0.03625	0.08125	3.17725e-14
0.03875	0.08125	6.79985e-14
0.04125	0.08125	1.30553e-13
0.04375	0.08125	1.13604e-13
0.04625	0.08125	1.16429e-13
0.04875	0.08125	1.10225e-13
0.05125	0.08125	1.10225e-13
0.05375	0.08125	1.16435e-13
0.05625	0.08125	1.13604e-13
0.05875	0.08125	1.3056e-13
0.06125	0.08125	6.79981e-14
0.06375	0.08125	3.17725e-14
0.06625	0.08125	2.45381e-14
0.06875	0.08125	1.04437e-14
0.07125	0.08125	3.74765e-16
0.07375	0.08125	-1.40587e-16
0.07625	0.08125	-1.61731e-17
0.07875	0.08125	3.21525e-17
0.08125	0.08125	4.69119e-17
0.08375	0.08125	4.90094e-17
0.08625	0.08125	4.65583e-17
0.08875	0.08125	4.29341e-17
0.09125	0.08125	3.94044e-17
0.09375	0.08125	3.65582e-17
0.09625	0.08125	3.44532e-17
0.09875	0.08125	2.7117e-17
0.00125	0.08375	2.41242e-17
0.00375	0.08375	3.11445e-17
0.00625	0.08375	3.3407e-17
0.00875	0.08375	3.62212e-17
0.01125	0.08375	3.96438e-17
0.01375	0.08375	4.29886e-17
0.01625	0.08375	4.48422e-17
0.01875	0.08375	4.1595e-17
0.02125	0.08375	2.62483e-17
0.02375	0.08375	-2.29658e-17
0.02625	0.08375	-1.13811e-16
0.02875	0.08375	2.6188e-17
0.03125	0.08375	4.80699e-15
0.03375	0.08375	2.92625e-14
0.03625	0.08375	6.11323e-14
0.03875	0.08375	9.09778e-14
0.04125	0.08375	1.77639e-13
0.04375	0.08375	1.163e-13
0.04625	0.08375	1.21202e-13
0.04875	0.08375	1.1294e-13
0.05125	0.08375	1.12933e-13
0.05375	0.08375	1.21209e-13
0.05625	0.08375	1.16307e-13
0.05875	0.08375	1.77645e-13
0.06125	0.08375	9.0978e-14
0.06375	0.08375	6.11323e-14
0.06625	0.08375	2.92625e-14
0.06875	0.08375	4.80699e-15
0.07125	0.08375	2.61878e-17
0.07375	0.08375	-1.1381e-16
0.07625	0.08375	-2.29657e-17
0.07875	0.08375	2.62484e-17
0.08125	0.08375	4.15924e-17
0.08375	0.08375	4.48421e-17
0.08625	0.08375	4.2988e-17
0.08875	0.08375	3.96412e-17
0.09125	0.08375	3.6221e-17
0.09375	0.08375	3.34058e-17
0.09625	0.08375	3.11434e-17
0.09875	0.08375	2.41242e-17
0.00125	0.08625	1.99835e-17
0.00375	0.08625	2.6202e-17
0.00625	0.08625	2.83959e-17
0.00875	0.08625	3.10025e-17
0.01125	0.08625	3.40077e-17
0.01375	0.08625	3.68344e-17
0.01625	0.08625	3.80402e-17
0.01875	0.08625	3.49667e-17
0.02125	0.08625	1.96506e-17
0.02375	0.08625	-1.76865e-17
0.02625	0.08625	-1.11435e-16
0.02875	0.08625	8.00743e-18
0.03125	0.08625	3.52483e-15
0.03375	0.08625	3.34265e-14
0.03625	0.08625	6.51125e-14
0.03875	0.08625	9.30271e-14
0.04125	0.08625	1.46347e-13
0.04375	0.08625	9.81567e-14
0.04625	0.08625	1.37443e-13
0.04875	0.08625	1.19674e-13
0.05125	0.08625	1.19688e-13
0.05375	0.08625	1.37443e-13
0.05625	0.08625	9.81558e-14
0.05875	0.08625	1.46346e-13
0.06125	0.08625	9.30271e-14
0.06375	0.08625	6.51125e-14
0.06625	0.08625	3.34265e-14
0.06875	0.08625	3.52482e-15
0.07125	0.08625	8.00371e-18
0.07375	0.08625	-1.11435e-16
0.07625	0.08625	-1.76802e-17
0.07875	0.08625	1.96558e-17
0.08125	0.08625	3.49703e-17
0.08375	0.08625	3.80367e-17
0.08625	0.08625	3.6834e-17
0.08875	0.08625	3.40095e-17
0.09125	0.08625	3.10021e-17
0.09375	0.08625	2.8396e-17
0.09625	0.08625	2.61998e-17
0.09875	0.08625	1.99821e-17
0.00125	0.08875	1.60957e-17
0.00375	0.08875	2.13697e-17
0.00625	0.08875	2.32618e-17
0.00875	0.08875	2.54522e-17
0.01125	0.08875	2.80426e-17
0.01375	0.08875	3.04388e-17
0.01625	0.08875	3.17898e-17
0.01875	0.08875	2.94798e-17
0.02125	0.08875	2.1249e-17
0.02375	0.08875	-3.64409e-18
0.02625	0.08875	-4.13452e-17
0.02875	0.08875	-7.88024e-17
0.03125	0.08875	5.83294e-16
0.03375	0.08875	9.34873e-15
0.03625	0.08875	6.84452e-14
0.03875	0.08875	1.03179e-13
0.04125	0.08875	1.54572e-13
0.04375	0.08875	1.36697e-13
0.04625	0.08875	1.19447e-13
0.04875	0.08875	9.27481e-14
0.05125	0.08875	9.27498e-14
0.05375	0.08875	1.19446e-13
0.05625	0.08875	1.36697e-13
0.05875	0.08875	1.54572e-13
0.06125	0.08875	1.03179e-13
0.06375	0.08875	6.84452e-14
0.06625	0.08875	9.34873e-15
0.06875	0.08875	5.83291e-16
0.07125	0.08875	-7.87992e-17
0.07375	0.08875	-4.13465e-17
0.07625	0.08875	-3.64388e-18
0.07875	0.08875	2.12476e-17
0.08125	0.08875	2.94781e-17
0.08375	0.08875	3.1788e-17
0.08625	0.08875	3.04375e-17
0.08875	0.08875	2.8043e-17
0.09125	0.08875	2.54537e-17
0.09375	0.08875	2.32614e-17
0.09625	0.08875	2.13704e-17
0.09875	0.08875	1.60954e-17
0.00125	0.09125	1.19344e-17
0.00375	0.09125	1.6351e-17
0.00625	0.09125	1.83055e-17
0.00875	0.09125	2.04198e-17
0.01125	0.09125	2.28023e-17
0.01375	0.09125	2.52167e-17
0.01625	0.09125	2.68662e-17
0.01875	0.09125	2.70504e-17
0.02125	0.09125	2.27414e-17
0.02375	0.09125	1.52604e-17
0.02625	0.09125	-6.74541e-19
0.02875	0.09125	3.4536e-18
0.03125	0.09125	1.01412e-16
0.03375	0.09125	9.42822e-16
0.03625	0.09125	8.66357e-15
0.03875	0.09125	5.61422e-14
0.04125	0.09125	1.56314e-13
0.04375	0.09125	1.62469e-13
0.04625	0.09125	1.3408e-13
0.04875	0.09125	1.08197e-13
0.05125	0.09125	1.08197e-13
0.05375	0.09125	1.3408e-13
0.05625	0.09125	1.62469e-13
0.05875	0.09125	1.56314e-13
0.06125	0.09125	5.61422e-14
0.06375	0.09125	8.66356e-15
0.06625	0.09125	9.42819e-16
0.06875	0.09125	1.01416e-16
0.07125	0.09125	3.45328e-18
0.07375	0.09125	-6.81482e-19
0.07625	0.09125	1.52569e-17
0.07875	0.09125	2.27381e-17
0.08125	0.09125	2.70505e-17
0.08375	0.09125	2.68662e-17
0.08625	0.09125	2.52167e-17
0.08875	0.09125	2.28023e-17
0.09125	0.09125	2.04162e-17
0.09375	0.09125	1.83054e-17
0.09625	0.09125	1.6354e-17
0.09875	0.09125	1.19345e-17
0.00125	0.09375	7.36829e-18
0.00375	0.09375	9.82328e-18
0.00625	0.09375	1.05977e-17
0.00875	0.09375	1.1549e-17
0.01125	0.09375	1.27099e-17
0.01375	0.09375	1.37649e-17
0.01625	0.09375	1.44897e-17
0.01875	0.09375	1.3859e-17
0.02125	0.09375	1.22706e-17
0.02375	0.09375	7.26635e-18
0.02625	0.09375	7.16988e-18
0.02875	0.09375	1.26167e-17
0.03125	0.09375	6.65691e-17
0.03375	0.09375	1.58602e-16
0.03625	0.09375	6.0137e-16
0.03875	0.09375	4.53157e-15
0.04125	0.09375	3.16884e-14
0.04375	0.09375	1.16669e-13
0.04625	0.09375	1.12537e-13
0.04875	0.09375	1.1424e-13
0.05125	0.09375	1.1424e-13
0.05375	0.09375	1.12537e-13
0.05625	0.09375	1.16669e-13
0.05875	0.09375	3.16884e-14
0.06125	0.09375	4.53157e-15
0.06375	0.09375	6.0137e-16
0.06625	0.09375	1.58601e-16
0.06875	0.09375	6.65693e-17
0.07125	0.09375	1.26168e-17
0.07375	0.09375	7.16869e-18
0.07625	0.09375	7.26519e-18
0.07875	0.09375	1.22708e-17
0.08125	0.09375	1.38584e-17
0.08375	0.09375	1.44896e-17
0.08625	0.09375	1.37651e-17
0.08875	0.09375	1.27099e-17
0.09125	0.09375	1.1549e-17
0.09375	0.09375	1.05977e-17
0.09625	0.09375	9.82334e-18
0.09875	0.09375	7.36798e-18
0.00125	0.09625	4.66737e-18
0.00375	0.09625	7.26162e-18
0.00625	0.09625	8.87151e-18
0.00875	0.09625	1.04438e-17
0.01125	0.09625	1.22359e-17
0.01375	0.09625	1.42535e-17
0.01625	0.09625	1.6271e-17
0.01875	0.09625	1.83456e-17
0.02125	0.09625	1.97093e-17
0.02375	0.09625	2.19315e-17
0.02625	0.09625	2.42658e-17
0.02875	0.09625	3.51141e-17
0.03125	0.09625	5.54282e-17
0.03375	0.09625	1.05484e-16
0.03625	0.09625	1.4418e-16
0.03875	0.09625	2.85447e-16
0.04125	0.09625	1.78137e-15
0.04375	0.09625	1.01122e-14
0.04625	0.09625	3.22595e-14
0.04875	0.09625	5.89799e-14
0.05125	0.09625	5.89799e-14
0.05375	0.09625	3.22595e-14
0.05625	0.09625	1.01122e-14
0.05875	0.09625	1.78137e-15
0.06125	0.09625	2.85448e-16
0.06375	0.09625	1.44179e-16
0.06625	0.09625	1.05481e-16
0.06875	0.09625	5.54316e-17
0.07125	0.09625	3.51107e-17
0.07375	0.09625	2.42658e-17
0.07625	0.09625	2.19331e-17
0.07875	0.09625	1.97105e-17
0.08125	0.09625	1.8344e-17
0.08375	0.09625	1.62693e-17
0.08625	0.09625	1.42518e-17
0.08875	0.09625	1.2235e-17
0.09125	0.09625	1.04437e-17
0.09375	0.09625	8.87225e-18
0.09625	0.09625	7.26066e-18
0.09875	0.09625	4.66734e-18
0.00125	0.09875	-3.14757e-18
0.00375	0.09875	-5.36765e-18
0.00625	0.09875	-6.60008e-18
0.00875	0.09875	-7.55723e-18
0.01125	0.09875	-8.55249e-18
0.01375	0.09875	-9.66549e-18
0.01625	0.09875	-1.08556e-17
0.01875	0.09875	-1.22708e-17
0.02125	0.09875	-1.35026e-17
0.02375	0.09875	-1.49899e-17
0.02625	0.09875	-1.48536e-17
0.02875	0.09875	-1.4054e-17
0.03125	0.09875	-9.58079e-18
0.03375	0.09875	-4.24109e-18
0.03625	0.09875	9.19285e-18
0.03875	0.09875	2.63207e-17
0.04125	0.09875	7.38697e-17
0.04375	0.09875	3.80741e-16
0.04625	0.09875	1.66087e-15
0.04875	0.09875	4.00083e-15
0.05125	0.09875	4.00083e-15
0.05375	0.09875	1.66087e-15
0.05625	0.09875	3.8074e-16
0.05875	0.09875	7.387e-17
0.06125	0.09875	2.63232e-17
0.06375	0.09875	9.1937e-18
0.06625	0.09875	-4.24109e-18
0.06875	0.09875	-9.58079e-18
0.07125	0.09875	-1.40557e-17
0.07375	0.09875	-1.48544e-17
0.07625	0.09875	-1.49882e-17
0.07875	0.09875	-1.35034e-17
0.08125	0.09875	-1.2271e-17
0.08375	0.09875	-1.08547e-17
0.08625	0.09875	-9.66465e-18
0.08875	0.09875	-8.55249e-18
0.09125	0.09875	-7.55638e-18
0.09375	0.09875	-6.60008e-18
0.09625	0.09875	-5.36849e-18
0.09875	0.09875	-3.14673e-18
