0.00125	0.00125	-4.47331e-11
0.00375	0.00125	-4.18069e-11
0.00625	0.00125	-1.75097e-11
0.00875	0.00125	-2.94676e-11
0.01125	0.00125	-2.71341e-11
0.01375	0.00125	-3.35699e-11
0.01625	0.00125	-3.53403e-11
0.01875	0.00125	-3.92636e-11
0.02125	0.00125	-4.0892e-11
0.02375	0.00125	-4.27076e-11
0.02625	0.00125	-4.29124e-11
0.02875	0.00125	-4.25452e-11
0.03125	0.00125	-4.08592e-11
0.03375	0.00125	-3.82842e-11
0.03625	0.00125	-3.45809e-11
0.03875	0.00125	-2.99769e-11
0.04125	0.00125	-2.44509e-11
0.04375	0.00125	-1.81951e-11
0.04625	0.00125	-1.13317e-11
0.04875	0.00125	-3.93181e-12
0.05125	0.00125	3.93181e-12
0.05375	0.00125	1.13317e-11
0.05625	0.00125	1.81951e-11
0.05875	0.00125	2.44509e-11
0.06125	0.00125	2.99769e-11
0.06375	0.00125	3.45809e-11
0.06625	0.00125	3.82842e-11
0.06875	0.00125	4.08592e-11
0.07125	0.00125	4.25452e-11
0.07375	0.00125	4.29124e-11
0.07625	0.00125	4.27076e-11
0.07875	0.00125	4.0892e-11
0.08125	0.00125	3.92636e-11
0.08375	0.00125	3.53403e-11
0.08625	0.00125	3.35699e-11
0.08875	0.00125	2.71341e-11
0.09125	0.00125	2.94676e-11
0.09375	0.00125	1.75097e-11
0.09625	0.00125	4.18069e-11
0.09875	0.00125	4.47331e-11
0.00125	0.00375	5.25358e-11
0.00375	0.00375	4.84951e-11
0.00625	0.00375	6.80864e-12
0.00875	0.00375	1.19742e-11
0.01125	0.00375	3.91782e-12
0.01375	0.00375	4.85228e-12
0.01625	0.00375	3.81767e-12
0.01875	0.00375	4.11284e-12
0.02125	0.00375	4.36428e-12
0.02375	0.00375	4.5595e-12
0.02625	0.00375	4.84849e-12
0.02875	0.00375	4.89223e-12
0.03125	0.00375	4.94928e-12
0.03375	0.00375	4.74061e-12
0.03625	0.00375	4.45632e-12
0.03875	0.00375	3.95979e-12
0.04125	0.00375	3.33047e-12
0.04375	0.00375	2.54497e-12
0.04625	0.00375	1.64654e-12
0.04875	0.00375	5.74689e-13
0.05125	0.00375	-5.74689e-13
0.05375	0.00375	-1.64654e-12
0.05625	0.00375	-2.54497e-12
0.05875	0.00375	-3.33047e-12
0.06125	0.00375	-3.95979e-12
0.06375	0.00375	-4.45632e-12
0.06625	0.00375	-4.74061e-12
0.06875	0.00375	-4.94928e-12
0.07125	0.00375	-4.89223e-12
0.07375	0.00375	-4.84849e-12
0.07625	0.00375	-4.5595e-12
0.07875	0.00375	-4.36428e-12
0.08125	0.00375	-4.11284e-12
0.08375	0.00375	-3.81767e-12
0.08625	0.00375	-4.85228e-12
0.08875	0.00375	-3.91782e-12
0.09125	0.00375	-1.19742e-11
0.09375	0.00375	-6.80864e-12
0.09625	0.00375	-4.84951e-11
0.09875	0.00375	-5.25358e-11
0.00125	0.00625	-2.1103e-11
0.00375	0.00625	-1.61728e-11
0.00625	0.00625	-2.07283e-12
0.00875	0.00625	-5.79702e-12
0.01125	0.00625	-1.99752e-12
0.01375	0.00625	-3.62112e-12
0.01625	0.00625	-2.73269e-12
0.01875	0.00625	-3.60498e-12
0.02125	0.00625	-3.4713e-12
0.02375	0.00625	-3.99719e-12
0.02625	0.00625	-3.9916e-12
0.02875	0.00625	-4.18905e-12
0.03125	0.00625	-4.14301e-12
0.03375	0.00625	-4.00845e-12
0.03625	0.00625	-3.72607e-12
0.03875	0.00625	-3.32903e-12
0.04125	0.00625	-2.74597e-12
0.04375	0.00625	-2.0986e-12
0.04625	0.00625	-1.30459e-12
0.04875	0.00625	-4.75114e-13
0.05125	0.00625	4.75114e-13
0.05375	0.00625	1.30459e-12
0.05625	0.00625	2.0986e-12
0.05875	0.00625	2.74597e-12
0.06125	0.00625	3.32903e-12
0.06375	0.00625	3.72607e-12
0.06625	0.00625	4.00845e-12
0.06875	0.00625	4.14301e-12
0.07125	0.00625	4.18905e-12
0.07375	0.00625	3.9916e-12
0.07625	0.00625	3.99719e-12
0.07875	0.00625	3.4713e-12
0.08125	0.00625	3.60498e-12
0.08375	0.00625	2.73269e-12
0.08625	0.00625	3.62112e-12
0.08875	0.00625	1.99752e-12
0.09125	0.00625	5.79702e-12
0.09375	0.00625	2.07283e-12
0.09625	0.00625	1.61728e-11
0.09875	0.00625	2.1103e-11
0.00125	0.00875	2.30643e-13
0.00375	0.00875	2.13326e-12
0.00625	0.00875	2.30705e-12
0.00875	0.00875	2.75535e-12
0.01125	0.00875	3.48585e-12
0.01375	0.00875	3.78145e-12
0.01625	0.00875	4.70298e-12
0.01875	0.00875	5.05804e-12
0.02125	0.00875	5.78701e-12
0.02375	0.00875	6.12683e-12
0.02625	0.00875	6.52403e-12
0.02875	0.00875	6.6188e-12
0.03125	0.00875	6.68053e-12
0.03375	0.00875	6.37972e-12
0.03625	0.00875	5.95257e-12
0.03875	0.00875	5.25064e-12
0.04125	0.00875	4.32851e-12
0.04375	0.00875	3.23531e-12
0.04625	0.00875	2.00143e-12
0.04875	0.00875	6.68109e-13
0.05125	0.00875	-6.68109e-13
0.05375	0.00875	-2.00143e-12
0.05625	0.00875	-3.23531e-12
0.05875	0.00875	-4.32851e-12
0.06125	0.00875	-5.25064e-12
0.06375	0.00875	-5.95257e-12
0.06625	0.00875	-6.37972e-12
0.06875	0.00875	-6.68053e-12
0.07125	0.00875	-6.6188e-12
0.07375	0.00875	-6.52403e-12
0.07625	0.00875	-6.12683e-12
0.07875	0.00875	-5.78701e-12
0.08125	0.00875	-5.05804e-12
0.08375	0.00875	-4.70298e-12
0.08625	0.00875	-3.78145e-12
0.08875	0.00875	-3.48585e-12
0.09125	0.00875	-2.75535e-12
0.09375	0.00875	-2.30705e-12
0.09625	0.00875	-2.13326e-12
0.09875	0.00875	-2.30643e-13
0.00125	0.01125	2.64759e-11
0.00375	0.01125	2.2468e-11
0.00625	0.01125	-6.81715e-13
0.00875	0.01125	9.13749e-13
0.01125	0.01125	-4.71814e-12
0.01375	0.01125	-5.6515e-12
0.01625	0.01125	-7.78085e-12
0.01875	0.01125	-8.98592e-12
0.02125	0.01125	-1.00438e-11
0.02375	0.01125	-1.11577e-11
0.02625	0.01125	-1.1602e-11
0.02875	0.01125	-1.19997e-11
0.03125	0.01125	-1.21757e-11
0.03375	0.01125	-1.16445e-11
0.03625	0.01125	-1.09351e-11
0.03875	0.01125	-9.75193e-12
0.04125	0.01125	-7.98988e-12
0.04375	0.01125	-6.06325e-12
0.04625	0.01125	-3.72641e-12
0.04875	0.01125	-1.30504e-12
0.05125	0.01125	1.30504e-12
0.05375	0.01125	3.72641e-12
0.05625	0.01125	6.06325e-12
0.05875	0.01125	7.98988e-12
0.06125	0.01125	9.75193e-12
0.06375	0.01125	1.09351e-11
0.06625	0.01125	1.16445e-11
0.06875	0.01125	1.21757e-11
0.07125	0.01125	1.19997e-11
0.07375	0.01125	1.1602e-11
0.07625	0.01125	1.11577e-11
0.07875	0.01125	1.00438e-11
0.08125	0.01125	8.98592e-12
0.08375	0.01125	7.78085e-12
0.08625	0.01125	5.6515e-12
0.08875	0.01125	4.71814e-12
0.09125	0.01125	-9.13749e-13
0.09375	0.01125	6.81715e-13
0.09625	0.01125	-2.2468e-11
0.09875	0.01125	-2.64759e-11
0.00125	0.01375	-3.1738e-11
0.00375	0.01375	-2.12701e-11
0.00625	0.01375	5.6002e-12
0.00875	0.01375	1.51311e-12
0.01125	0.01375	9.24539e-12
0.01375	0.01375	9.60561e-12
0.01625	0.01375	1.31529e-11
0.01875	0.01375	1.43708e-11
0.02125	0.01375	1.62741e-11
0.02375	0.01375	1.74514e-11
0.02625	0.01375	1.82382e-11
0.02875	0.01375	1.85488e-11
0.03125	0.01375	1.85978e-11
0.03375	0.01375	1.77199e-11
0.03625	0.01375	1.64577e-11
0.03875	0.01375	1.4537e-11
0.04125	0.01375	1.18931e-11
0.04375	0.01375	8.87767e-12
0.04625	0.01375	5.4725e-12
0.04875	0.01375	1.83363e-12
0.05125	0.01375	-1.83363e-12
0.05375	0.01375	-5.4725e-12
0.05625	0.01375	-8.87767e-12
0.05875	0.01375	-1.18931e-11
0.06125	0.01375	-1.4537e-11
0.06375	0.01375	-1.64577e-11
0.06625	0.01375	-1.77199e-11
0.06875	0.01375	-1.85978e-11
0.07125	0.01375	-1.85488e-11
0.07375	0.01375	-1.82382e-11
0.07625	0.01375	-1.74514e-11
0.07875	0.01375	-1.62741e-11
0.08125	0.01375	-1.43708e-11
0.08375	0.01375	-1.31529e-11
0.08625	0.01375	-9.60561e-12
0.08875	0.01375	-9.24539e-12
0.09125	0.01375	-1.51311e-12
0.09375	0.01375	-5.6002e-12
0.09625	0.01375	2.12701e-11
0.09875	0.01375	3.1738e-11
0.00125	0.01625	7.76889e-10
0.00375	0.01625	2.05802e-09
0.00625	0.01625	3.19959e-09
0.00875	0.01625	4.39269e-09
0.01125	0.01625	5.49035e-09
0.01375	0.01625	6.51248e-09
0.01625	0.01625	7.41001e-09
0.01875	0.01625	8.16873e-09
0.02125	0.01625	8.75972e-09
0.02375	0.01625	9.15825e-09
0.02625	0.01625	9.34846e-09
0.02875	0.01625	9.30593e-09
0.03125	0.01625	9.02262e-09
0.03375	0.01625	8.48655e-09
0.03625	0.01625	7.70624e-09
0.03875	0.01625	6.68378e-09
0.04125	0.01625	5.44992e-09
0.04375	0.01625	4.03393e-09
0.04625	0.01625	2.47494e-09
0.04875	0.01625	8.38355e-10
0.05125	0.01625	-8.38355e-10
0.05375	0.01625	-2.47494e-09
0.05625	0.01625	-4.03393e-09
0.05875	0.01625	-5.44992e-09
0.06125	0.01625	-6.68378e-09
0.06375	0.01625	-7.70624e-09
0.06625	0.01625	-8.48655e-09
0.06875	0.01625	-9.02262e-09
0.07125	0.01625	-9.30593e-09
0.07375	0.01625	-9.34846e-09
0.07625	0.01625	-9.15825e-09
0.07875	0.01625	-8.75972e-09
0.08125	0.01625	-8.16873e-09
0.08375	0.01625	-7.41001e-09
0.08625	0.01625	-6.51248e-09
0.08875	0.01625	-5.49035e-09
0.09125	0.01625	-4.39269e-09
0.09375	0.01625	-3.19959e-09
0.09625	0.01625	-2.05802e-09
0.09875	0.01625	-7.76889e-10
0.00125	0.01875	-1.80144e-09
0.00375	0.01875	-4.83622e-09
0.00625	0.01875	-7.5728e-09
0.00875	0.01875	-1.03942e-08
0.01125	0.01875	-1.29994e-08
0.01375	0.01875	-1.54203e-08
0.01625	0.01875	-1.75531e-08
0.01875	0.01875	-1.93538e-08
0.02125	0.01875	-2.07608e-08
0.02375	0.01875	-2.17146e-08
0.02625	0.01875	-2.21728e-08
0.02875	0.01875	-2.20807e-08
0.03125	0.01875	-2.142e-08
0.03375	0.01875	-2.0155e-08
0.03625	0.01875	-1.83109e-08
0.03875	0.01875	-1.58892e-08
0.04125	0.01875	-1.2961e-08
0.04375	0.01875	-9.59709e-09
0.04625	0.01875	-5.88854e-09
0.04875	0.01875	-1.99415e-09
0.05125	0.01875	1.99415e-09
0.05375	0.01875	5.88854e-09
0.05625	0.01875	9.59709e-09
0.05875	0.01875	1.2961e-08
0.06125	0.01875	1.58892e-08
0.06375	0.01875	1.83109e-08
0.06625	0.01875	2.0155e-08
0.06875	0.01875	2.142e-08
0.07125	0.01875	2.20807e-08
0.07375	0.01875	2.21728e-08
0.07625	0.01875	2.17146e-08
0.07875	0.01875	2.07608e-08
0.08125	0.01875	1.93538e-08
0.08375	0.01875	1.75531e-08
0.08625	0.01875	1.54203e-08
0.08875	0.01875	1.29994e-08
0.09125	0.01875	1.03942e-08
0.09375	0.01875	7.5728e-09
0.09625	0.01875	4.83622e-09
0.09875	0.01875	1.80144e-09
0.00125	0.02125	-1.37043e-11
0.00375	0.02125	-7.66384e-11
0.00625	0.02125	-1.4573e-10
0.00875	0.02125	-1.99229e-10
0.01125	0.02125	-2.54419e-10
0.01375	0.02125	-3.00486e-10
0.01625	0.02125	-3.41853e-10
0.01875	0.02125	-3.74279e-10
0.02125	0.02125	-3.98561e-10
0.02375	0.02125	-4.12493e-10
0.02625	0.02125	-4.16348e-10
0.02875	0.02125	-4.08419e-10
0.03125	0.02125	-3.90399e-10
0.03375	0.02125	-3.60524e-10
0.03625	0.02125	-3.22112e-10
0.03875	0.02125	-2.73908e-10
0.04125	0.02125	-2.18814e-10
0.04375	0.02125	-1.58677e-10
0.04625	0.02125	-9.37296e-11
0.04875	0.02125	-2.90331e-11
0.05125	0.02125	2.90331e-11
0.05375	0.02125	9.37296e-11
0.05625	0.02125	1.58677e-10
0.05875	0.02125	2.18814e-10
0.06125	0.02125	2.73908e-10
0.06375	0.02125	3.22112e-10
0.06625	0.02125	3.60524e-10
0.06875	0.02125	3.90399e-10
0.07125	0.02125	4.08419e-10
0.07375	0.02125	4.16348e-10
0.07625	0.02125	4.12493e-10
0.07875	0.02125	3.98561e-10
0.08125	0.02125	3.74279e-10
0.08375	0.02125	3.41853e-10
0.08625	0.02125	3.00486e-10
0.08875	0.02125	2.54419e-10
0.09125	0.02125	1.99229e-10
0.09375	0.02125	1.4573e-10
0.09625	0.02125	7.66384e-11
0.09875	0.02125	1.37043e-11
0.00125	0.02375	1.40324e-11
0.00375	0.02375	2.64625e-11
0.00625	0.02375	3.67874e-11
0.00875	0.02375	5.27843e-11
0.01125	0.02375	6.65816e-11
0.01375	0.02375	8.10445e-11
0.01625	0.02375	9.46755e-11
0.01875	0.02375	1.07963e-10
0.02125	0.02375	1.20203e-10
0.02375	0.02375	1.31555e-10
0.02625	0.02375	1.40262e-10
0.02875	0.02375	1.47255e-10
0.03125	0.02375	1.49456e-10
0.03375	0.02375	1.49059e-10
0.03625	0.02375	1.4244e-10
0.03875	0.02375	1.32209e-10
0.04125	0.02375	1.13942e-10
0.04375	0.02375	8.88732e-11
0.04625	0.02375	5.95979e-11
0.04875	0.02375	2.23611e-11
0.05125	0.02375	-2.23611e-11
0.05375	0.02375	-5.95979e-11
0.05625	0.02375	-8.88732e-11
0.05875	0.02375	-1.13942e-10
0.06125	0.02375	-1.32209e-10
0.06375	0.02375	-1.4244e-10
0.06625	0.02375	-1.49059e-10
0.06875	0.02375	-1.49456e-10
0.07125	0.02375	-1.47255e-10
0.07375	0.02375	-1.40262e-10
0.07625	0.02375	-1.31555e-10
0.07875	0.02375	-1.20203e-10
0.08125	0.02375	-1.07963e-10
0.08375	0.02375	-9.46755e-11
0.08625	0.02375	-8.10445e-11
0.08875	0.02375	-6.65816e-11
0.09125	0.02375	-5.27843e-11
0.09375	0.02375	-3.67874e-11
0.09625	0.02375	-2.64625e-11
0.09875	0.02375	-1.40324e-11
0.00125	0.02625	-1.29717e-11
0.00375	0.02625	-3.41097e-11
0.00625	0.02625	-4.99267e-11
0.00875	0.02625	-6.98227e-11
0.01125	0.02625	-8.73623e-11
0.01375	0.02625	-1.03232e-10
0.01625	0.02625	-1.16861e-10
0.01875	0.02625	-1.27291e-10
0.02125	0.02625	-1.34829e-10
0.02375	0.02625	-1.37731e-10
0.02625	0.02625	-1.36127e-10
0.02875	0.02625	-1.29318e-10
0.03125	0.02625	-1.20079e-10
0.03375	0.02625	-1.05401e-10
0.03625	0.02625	-9.06451e-11
0.03875	0.02625	-7.31359e-11
0.04125	0.02625	-5.57596e-11
0.04375	0.02625	-3.81345e-11
0.04625	0.02625	-1.90356e-11
0.04875	0.02625	-3.33919e-12
0.05125	0.02625	3.33919e-12
0.05375	0.02625	1.90356e-11
0.05625	0.02625	3.81345e-11
0.05875	0.02625	5.57596e-11
0.06125	0.02625	7.31359e-11
0.06375	0.02625	9.06451e-11
0.06625	0.02625	1.05401e-10
0.06875	0.02625	1.20079e-10
0.07125	0.02625	1.29318e-10
0.07375	0.02625	1.36127e-10
0.07625	0.02625	1.37731e-10
0.07875	0.02625	1.34829e-10
0.08125	0.02625	1.27291e-10
0.08375	0.02625	1.16861e-10
0.08625	0.02625	1.03232e-10
0.08875	0.02625	8.73623e-11
0.09125	0.02625	6.98227e-11
0.09375	0.02625	4.99267e-11
0.09625	0.02625	3.41097e-11
0.09875	0.02625	1.29717e-11
0.00125	0.02875	1.72186e-11
0.00375	0.02875	2.40963e-11
0.00625	0.02875	2.65063e-11
0.00875	0.02875	3.76924e-11
0.01125	0.02875	4.49302e-11
0.01375	0.02875	5.53933e-11
0.01625	0.02875	6.45404e-11
0.01875	0.02875	7.48514e-11
0.02125	0.02875	8.42857e-11
0.02375	0.02875	9.3364e-11
0.02625	0.02875	9.92673e-11
0.02875	0.02875	1.05809e-10
0.03125	0.02875	1.07771e-10
0.03375	0.02875	1.15835e-10
0.03625	0.02875	1.12786e-10
0.03875	0.02875	1.12183e-10
0.04125	0.02875	9.96859e-11
0.04375	0.02875	8.09698e-11
0.04625	0.02875	6.02539e-11
0.04875	0.02875	2.07118e-11
0.05125	0.02875	-2.07118e-11
0.05375	0.02875	-6.02539e-11
0.05625	0.02875	-8.09698e-11
0.05875	0.02875	-9.96859e-11
0.06125	0.02875	-1.12183e-10
0.06375	0.02875	-1.12786e-10
0.06625	0.02875	-1.15835e-10
0.06875	0.02875	-1.07771e-10
0.07125	0.02875	-1.05809e-10
0.07375	0.02875	-9.92673e-11
0.07625	0.02875	-9.3364e-11
0.07875	0.02875	-8.42857e-11
0.08125	0.02875	-7.48514e-11
0.08375	0.02875	-6.45404e-11
0.08625	0.02875	-5.53933e-11
0.08875	0.02875	-4.49302e-11
0.09125	0.02875	-3.76924e-11
0.09375	0.02875	-2.65063e-11
0.09625	0.02875	-2.40963e-11
0.09875	0.02875	-1.72186e-11
0.00125	0.03125	-9.7522e-12
0.00375	0.03125	-2.63578e-11
0.00625	0.03125	-3.87073e-11
0.00875	0.03125	-5.40178e-11
0.01125	0.03125	-6.72078e-11
0.01375	0.03125	-7.98715e-11
0.01625	0.03125	-9.06657e-11
0.01875	0.03125	-9.97357e-11
0.02125	0.03125	-1.06378e-10
0.02375	0.03125	-1.10537e-10
0.02625	0.03125	-1.1295e-10
0.02875	0.03125	-1.05555e-10
0.03125	0.03125	-9.75911e-11
0.03375	0.03125	-8.69671e-11
0.03625	0.03125	-7.80043e-11
0.03875	0.03125	-6.32902e-11
0.04125	0.03125	-5.02192e-11
0.04375	0.03125	-3.45892e-11
0.04625	0.03125	-1.6506e-11
0.04875	0.03125	-6.691e-13
0.05125	0.03125	6.691e-13
0.05375	0.03125	1.6506e-11
0.05625	0.03125	3.45892e-11
0.05875	0.03125	5.02192e-11
0.06125	0.03125	6.32902e-11
0.06375	0.03125	7.80043e-11
0.06625	0.03125	8.69671e-11
0.06875	0.03125	9.75911e-11
0.07125	0.03125	1.05555e-10
0.07375	0.03125	1.1295e-10
0.07625	0.03125	1.10537e-10
0.07875	0.03125	1.06378e-10
0.08125	0.03125	9.97357e-11
0.08375	0.03125	9.06657e-11
0.08625	0.03125	7.98715e-11
0.08875	0.03125	6.72078e-11
0.09125	0.03125	5.40178e-11
0.09375	0.03125	3.87073e-11
0.09625	0.03125	2.63578e-11
0.09875	0.03125	9.7522e-12
0.00125	0.03375	1.38849e-11
0.00375	0.03375	1.69611e-11
0.00625	0.03375	1.70744e-11
0.00875	0.03375	2.38143e-11
0.01125	0.03375	2.72309e-11
0.01375	0.03375	3.38363e-11
0.01625	0.03375	3.95661e-11
0.01875	0.03375	4.66648e-11
0.02125	0.03375	5.34773e-11
0.02375	0.03375	6.17762e-11
0.02625	0.03375	6.68375e-11
0.02875	0.03375	7.15003e-11
0.03125	0.03375	7.1663e-11
0.03375	0.03375	9.34388e-11
0.03625	0.03375	8.87442e-11
0.03875	0.03375	1.10786e-10
0.04125	0.03375	1.00708e-10
0.04375	0.03375	9.17191e-11
0.04625	0.03375	8.63008e-11
0.04875	0.03375	1.94188e-11
0.05125	0.03375	-1.94188e-11
0.05375	0.03375	-8.63008e-11
0.05625	0.03375	-9.17191e-11
0.05875	0.03375	-1.00708e-10
0.06125	0.03375	-1.10786e-10
0.06375	0.03375	-8.87442e-11
0.06625	0.03375	-9.34388e-11
0.06875	0.03375	-7.1663e-11
0.07125	0.03375	-7.15003e-11
0.07375	0.03375	-6.68375e-11
0.07625	0.03375	-6.17762e-11
0.07875	0.03375	-5.34773e-11
0.08125	0.03375	-4.66648e-11
0.08375	0.03375	-3.95661e-11
0.08625	0.03375	-3.38363e-11
0.08875	0.03375	-2.72309e-11
0.09125	0.03375	-2.38143e-11
0.09375	0.03375	-1.70744e-11
0.09625	0.03375	-1.69611e-11
0.09875	0.03375	-1.38849e-11
0.00125	0.03625	-4.31189e-12
0.00375	0.03625	-1.79922e-11
0.00625	0.03625	-2.9432e-11
0.00875	0.03625	-4.11618e-11
0.01125	0.03625	-5.225e-11
0.01375	0.03625	-6.27643e-11
0.01625	0.03625	-7.1916e-11
0.01875	0.03625	-8.11216e-11
0.02125	0.03625	-8.76446e-11
0.02375	0.03625	-9.5622e-11
0.02625	0.03625	-1.00294e-10
0.02875	0.03625	-1.02627e-10
0.03125	0.03625	-9.93849e-11
0.03375	0.03625	-9.61456e-11
0.03625	0.03625	-9.40988e-11
0.03875	0.03625	-8.52741e-11
0.04125	0.03625	-7.90355e-11
0.04375	0.03625	-5.94578e-11
0.04625	0.03625	-4.18311e-11
0.04875	0.03625	-4.33617e-13
0.05125	0.03625	4.33617e-13
0.05375	0.03625	4.18311e-11
0.05625	0.03625	5.94578e-11
0.05875	0.03625	7.90355e-11
0.06125	0.03625	8.52741e-11
0.06375	0.03625	9.40988e-11
0.06625	0.03625	9.61456e-11
0.06875	0.03625	9.93849e-11
0.07125	0.03625	1.02627e-10
0.07375	0.03625	1.00294e-10
0.07625	0.03625	9.5622e-11
0.07875	0.03625	8.76446e-11
0.08125	0.03625	8.11216e-11
0.08375	0.03625	7.1916e-11
0.08625	0.03625	6.27643e-11
0.08875	0.03625	5.225e-11
0.09125	0.03625	4.11618e-11
0.09375	0.03625	2.9432e-11
0.09625	0.03625	1.79922e-11
0.09875	0.03625	4.31189e-12
0.00125	0.03875	1.08573e-11
0.00375	0.03875	1.02669e-11
0.00625	0.03875	7.68224e-12
0.00875	0.03875	1.02854e-11
0.01125	0.03875	1.02519e-11
0.01375	0.03875	1.25861e-11
0.01625	0.03875	1.51198e-11
0.01875	0.03875	1.77152e-11
0.02125	0.03875	2.17823e-11
0.02375	0.03875	2.70165e-11
0.02625	0.03875	2.71231e-11
0.02875	0.03875	3.88371e-11
0.03125	0.03875	2.10626e-11
0.03375	0.03875	7.77916e-11
0.03625	0.03875	4.91705e-11
0.03875	0.03875	1.44443e-10
0.04125	0.03875	1.17798e-10
0.04375	0.03875	1.49808e-10
0.04625	0.03875	1.9616e-10
0.04875	0.03875	9.20515e-12
0.05125	0.03875	-9.20515e-12
0.05375	0.03875	-1.9616e-10
0.05625	0.03875	-1.49808e-10
0.05875	0.03875	-1.17798e-10
0.06125	0.03875	-1.44443e-10
0.06375	0.03875	-4.91705e-11
0.06625	0.03875	-7.77916e-11
0.06875	0.03875	-2.10626e-11
0.07125	0.03875	-3.88371e-11
0.07375	0.03875	-2.71231e-11
0.07625	0.03875	-2.70165e-11
0.07875	0.03875	-2.17823e-11
0.08125	0.03875	-1.77152e-11
0.08375	0.03875	-1.51198e-11
0.08625	0.03875	-1.25861e-11
0.08875	0.03875	-1.02519e-11
0.09125	0.03875	-1.02854e-11
0.09375	0.03875	-7.68224e-12
0.09625	0.03875	-1.02669e-11
0.09875	0.03875	-1.08573e-11
0.00125	0.04125	9.7077e-16
0.00375	0.04125	-1.20817e-11
0.00625	0.04125	-2.35505e-11
0.00875	0.04125	-3.31155e-11
0.01125	0.04125	-4.32421e-11
0.01375	0.04125	-5.29063e-11
0.01625	0.04125	-6.04491e-11
0.01875	0.04125	-7.19382e-11
0.02125	0.04125	-7.64457e-11
0.02375	0.04125	-9.35988e-11
0.02625	0.04125	-9.73658e-11
0.02875	0.04125	-1.2436e-10
0.03125	0.04125	-1.27019e-10
0.03375	0.04125	-1.54778e-10
0.03625	0.04125	-1.58662e-10
0.03875	0.04125	-1.84221e-10
0.04125	0.04125	-1.98287e-10
0.04375	0.04125	-1.70424e-10
0.04625	0.04125	-1.93197e-10
0.04875	0.04125	-9.48239e-12
0.05125	0.04125	9.48239e-12
0.05375	0.04125	1.93197e-10
0.05625	0.04125	1.70424e-10
0.05875	0.04125	1.98287e-10
0.06125	0.04125	1.84221e-10
0.06375	0.04125	1.58662e-10
0.06625	0.04125	1.54778e-10
0.06875	0.04125	1.27019e-10
0.07125	0.04125	1.2436e-10
0.07375	0.04125	9.73658e-11
0.07625	0.04125	9.35988e-11
0.07875	0.04125	7.64457e-11
0.08125	0.04125	7.19382e-11
0.08375	0.04125	6.04491e-11
0.08625	0.04125	5.29063e-11
0.08875	0.04125	4.32421e-11
0.09125	0.04125	3.31155e-11
0.09375	0.04125	2.35505e-11
0.09625	0.04125	1.20817e-11
0.09875	0.04125	-9.7077e-16
0.00125	0.04375	8.47599e-12
0.00375	0.04375	3.45173e-12
0.00625	0.04375	-3.48206e-12
0.00875	0.04375	-5.80038e-12
0.01125	0.04375	-1.04196e-11
0.01375	0.04375	-1.44845e-11
0.01625	0.04375	-1.59801e-11
0.01875	0.04375	-2.24204e-11
0.02125	0.04375	-2.16443e-11
0.02375	0.04375	-2.57301e-11
0.02625	0.04375	-3.48523e-11
0.02875	0.04375	-1.23959e-11
0.03125	0.04375	-8.65063e-11
0.03375	0.04375	5.52961e-11
0.03625	0.04375	-8.70838e-11
0.03875	0.04375	2.69677e-10
0.04125	0.04375	1.03342e-10
0.04375	0.04375	3.78558e-10
0.04625	0.04375	6.43704e-10
0.04875	0.04375	-4.92494e-11
0.05125	0.04375	4.92494e-11
0.05375	0.04375	-6.43704e-10
0.05625	0.04375	-3.78558e-10
0.05875	0.04375	-1.03342e-10
0.06125	0.04375	-2.69677e-10
0.06375	0.04375	8.70838e-11
0.06625	0.04375	-5.52961e-11
0.06875	0.04375	8.65063e-11
0.07125	0.04375	1.23959e-11
0.07375	0.04375	3.48523e-11
0.07625	0.04375	2.57301e-11
0.07875	0.04375	2.16443e-11
0.08125	0.04375	2.24204e-11
0.08375	0.04375	1.59801e-11
0.08625	0.04375	1.44845e-11
0.08875	0.04375	1.04196e-11
0.09125	0.04375	5.80038e-12
0.09375	0.04375	3.48206e-12
0.09625	0.04375	-3.45173e-12
0.09875	0.04375	-8.47599e-12
0.00125	0.04625	2.20282e-12
0.00375	0.04625	-1.04181e-11
0.00625	0.04625	-2.39192e-11
0.00875	0.04625	-3.35846e-11
0.01125	0.04625	-4.4384e-11
0.01375	0.04625	-5.55476e-11
0.01625	0.04625	-6.07587e-11
0.01875	0.04625	-7.86103e-11
0.02125	0.04625	-7.4134e-11
0.02375	0.04625	-1.12704e-10
0.02625	0.04625	-9.65985e-11
0.02875	0.04625	-1.82767e-10
0.03125	0.04625	-1.79114e-10
0.03375	0.04625	-3.25013e-10
0.03625	0.04625	-2.93169e-10
0.03875	0.04625	-5.05453e-10
0.04125	0.04625	-5.57995e-10
0.04375	0.04625	-5.9488e-10
0.04625	0.04625	-9.90494e-10
0.04875	0.04625	-8.47574e-11
0.05125	0.04625	8.47574e-11
0.05375	0.04625	9.90494e-10
0.05625	0.04625	5.9488e-10
0.05875	0.04625	5.57995e-10
0.06125	0.04625	5.05453e-10
0.06375	0.04625	2.93169e-10
0.06625	0.04625	3.25013e-10
0.06875	0.04625	1.79114e-10
0.07125	0.04625	1.82767e-10
0.07375	0.04625	9.65985e-11
0.07625	0.04625	1.12704e-10
0.07875	0.04625	7.4134e-11
0.08125	0.04625	7.86103e-11
0.08375	0.04625	6.07587e-11
0.08625	0.04625	5.55476e-11
0.08875	0.04625	4.4384e-11
0.09125	0.04625	3.35846e-11
0.09375	0.04625	2.39192e-11
0.09625	0.04625	1.04181e-11
0.09875	0.04625	-2.20282e-12
0.00125	0.04875	5.61741e-12
0.00375	0.04875	-5.49622e-12
0.00625	0.04875	-1.94068e-11
0.00875	0.04875	-2.89839e-11
0.01125	0.04875	-4.10222e-11
0.01375	0.04875	-5.67412e-11
0.01625	0.04875	-6.49172e-11
0.01875	0.04875	-9.27693e-11
0.02125	0.04875	-9.57581e-11
0.02375	0.04875	-1.33239e-10
0.02625	0.04875	-1.52566e-10
0.02875	0.04875	-1.42376e-10
0.03125	0.04875	-2.99422e-10
0.03375	0.04875	-4.0417e-11
0.03625	0.04875	-6.11306e-10
0.03875	0.04875	6.50217e-10
0.04125	0.04875	-4.28309e-10
0.04375	0.04875	1.38601e-09
0.04625	0.04875	2.6372e-09
0.04875	0.04875	-2.89616e-10
0.05125	0.04875	2.89616e-10
0.05375	0.04875	-2.6372e-09
0.05625	0.04875	-1.38601e-09
0.05875	0.04875	4.28309e-10
0.06125	0.04875	-6.50217e-10
0.06375	0.04875	6.11306e-10
0.06625	0.04875	4.0417e-11
0.06875	0.04875	2.99422e-10
0.07125	0.04875	1.42376e-10
0.07375	0.04875	1.52566e-10
0.07625	0.04875	1.33239e-10
0.07875	0.04875	9.57581e-11
0.08125	0.04875	9.27693e-11
0.08375	0.04875	6.49172e-11
0.08625	0.04875	5.67412e-11
0.08875	0.04875	4.10222e-11
0.09125	0.04875	2.89839e-11
0.09375	0.04875	1.94068e-11
0.09625	0.04875	5.49622e-12
0.09875	0.04875	-5.61741e-12
0.00125	0.05125	1.13535e-12
0.00375	0.05125	-1.57832e-11
0.00625	0.05125	-3.5387e-11
0.00875	0.05125	-4.95564e-11
0.01125	0.05125	-6.49836e-11
0.01375	0.05125	-8.30826e-11
0.01625	0.05125	-8.65979e-11
0.01875	0.05125	-1.1914e-10
0.02125	0.05125	-9.28412e-11
0.02375	0.05125	-1.73842e-10
0.02625	0.05125	-8.64922e-11
0.02875	0.05125	-3.11752e-10
0.03125	0.05125	-1.33225e-10
0.03375	0.05125	-7.48047e-10
0.03625	0.05125	-4.13472e-10
0.03875	0.05125	-1.49995e-09
0.04125	0.05125	-1.31201e-09
0.04375	0.05125	-2.33519e-09
0.04625	0.05125	-5.52491e-09
0.04875	0.05125	-6.80696e-10
0.05125	0.05125	6.80696e-10
0.05375	0.05125	5.52491e-09
0.05625	0.05125	2.33519e-09
0.05875	0.05125	1.31201e-09
0.06125	0.05125	1.49995e-09
0.06375	0.05125	4.13472e-10
0.06625	0.05125	7.48047e-10
0.06875	0.05125	1.33225e-10
0.07125	0.05125	3.11752e-10
0.07375	0.05125	8.64922e-11
0.07625	0.05125	1.73842e-10
0.07875	0.05125	9.28412e-11
0.08125	0.05125	1.1914e-10
0.08375	0.05125	8.65979e-11
0.08625	0.05125	8.30826e-11
0.08875	0.05125	6.49836e-11
0.09125	0.05125	4.95564e-11
0.09375	0.05125	3.5387e-11
0.09625	0.05125	1.57832e-11
0.09875	0.05125	-1.13535e-12
0.00125	0.05375	8.21692e-13
0.00375	0.05375	-1.86731e-11
0.00625	0.05375	-4.32853e-11
0.00875	0.05375	-6.37418e-11
0.01125	0.05375	-8.86692e-11
0.01375	0.05375	-1.24575e-10
0.01625	0.05375	-1.46682e-10
0.01875	0.05375	-2.21476e-10
0.02125	0.05375	-2.29955e-10
0.02375	0.05375	-3.76919e-10
0.02625	0.05375	-3.78612e-10
0.02875	0.05375	-5.48097e-10
0.03125	0.05375	-7.69654e-10
0.03375	0.05375	-3.84378e-10
0.03625	0.05375	-2.28478e-09
0.03875	0.05375	1.54786e-09
0.04125	0.05375	-5.36183e-09
0.04375	0.05375	6.77735e-09
0.04625	0.05375	1.24725e-08
0.04875	0.05375	-8.06826e-10
0.05125	0.05375	8.06826e-10
0.05375	0.05375	-1.24725e-08
0.05625	0.05375	-6.77735e-09
0.05875	0.05375	5.36183e-09
0.06125	0.05375	-1.54786e-09
0.06375	0.05375	2.28478e-09
0.06625	0.05375	3.84378e-10
0.06875	0.05375	7.69654e-10
0.07125	0.05375	5.48097e-10
0.07375	0.05375	3.78612e-10
0.07625	0.05375	3.76919e-10
0.07875	0.05375	2.29955e-10
0.08125	0.05375	2.21476e-10
0.08375	0.05375	1.46682e-10
0.08625	0.05375	1.24575e-10
0.08875	0.05375	8.86692e-11
0.09125	0.05375	6.37418e-11
0.09375	0.05375	4.32853e-11
0.09625	0.05375	1.86731e-11
0.09875	0.05375	-8.21692e-13
0.00125	0.05625	-4.7088e-12
0.00375	0.05625	-3.20535e-11
0.00625	0.05625	-6.44508e-11
0.00875	0.05625	-9.1919e-11
0.01125	0.05625	-1.20687e-10
0.01375	0.05625	-1.59616e-10
0.01625	0.05625	-1.69565e-10
0.01875	0.05625	-2.37908e-10
0.02125	0.05625	-1.83338e-10
0.02375	0.05625	-3.34764e-10
0.02625	0.05625	-1.0908e-10
0.02875	0.05625	-5.42917e-10
0.03125	0.05625	9.35381e-11
0.03375	0.05625	-1.35152e-09
0.03625	0.05625	1.02142e-11
0.03875	0.05625	-4.44356e-09
0.04125	0.05625	1.85931e-10
0.04375	0.05625	-1.05929e-08
0.04625	0.05625	-3.60132e-08
0.04875	0.05625	-5.18126e-09
0.05125	0.05625	5.18126e-09
0.05375	0.05625	3.60132e-08
0.05625	0.05625	1.05929e-08
0.05875	0.05625	-1.85931e-10
0.06125	0.05625	4.44356e-09
0.06375	0.05625	-1.02142e-11
0.06625	0.05625	1.35152e-09
0.06875	0.05625	-9.35381e-11
0.07125	0.05625	5.42917e-10
0.07375	0.05625	1.0908e-10
0.07625	0.05625	3.34764e-10
0.07875	0.05625	1.83338e-10
0.08125	0.05625	2.37908e-10
0.08375	0.05625	1.69565e-10
0.08625	0.05625	1.59616e-10
0.08875	0.05625	1.20687e-10
0.09125	0.05625	9.1919e-11
0.09375	0.05625	6.44508e-11
0.09625	0.05625	3.20535e-11
0.09875	0.05625	4.7088e-12
0.00125	0.05875	-6.92591e-12
0.00375	0.05875	-3.65756e-11
0.00625	0.05875	-7.62274e-11
0.00875	0.05875	-1.09762e-10
0.01125	0.05875	-1.57141e-10
0.01375	0.05875	-2.16957e-10
0.01625	0.05875	-2.73844e-10
0.01875	0.05875	-4.16958e-10
0.02125	0.05875	-4.56153e-10
0.02375	0.05875	-8.55056e-10
0.02625	0.05875	-7.45279e-10
0.02875	0.05875	-1.80013e-09
0.03125	0.05875	-1.33783e-09
0.03375	0.05875	-2.96023e-09
0.03625	0.05875	-4.65344e-09
0.03875	0.05875	3.34334e-09
0.04125	0.05875	-4.69532e-08
0.04375	0.05875	4.31866e-08
0.04625	0.05875	4.65804e-08
0.04875	0.05875	-5.68307e-09
0.05125	0.05875	5.68307e-09
0.05375	0.05875	-4.65804e-08
0.05625	0.05875	-4.31866e-08
0.05875	0.05875	4.69532e-08
0.06125	0.05875	-3.34334e-09
0.06375	0.05875	4.65344e-09
0.06625	0.05875	2.96023e-09
0.06875	0.05875	1.33783e-09
0.07125	0.05875	1.80013e-09
0.07375	0.05875	7.45279e-10
0.07625	0.05875	8.55056e-10
0.07875	0.05875	4.56153e-10
0.08125	0.05875	4.16958e-10
0.08375	0.05875	2.73844e-10
0.08625	0.05875	2.16957e-10
0.08875	0.05875	1.57141e-10
0.09125	0.05875	1.09762e-10
0.09375	0.05875	7.62274e-11
0.09625	0.05875	3.65756e-11
0.09875	0.05875	6.92591e-12
0.00125	0.06125	-1.60318e-11
0.00375	0.06125	-6.22529e-11
0.00625	0.06125	-1.15462e-10
0.00875	0.06125	-1.72048e-10
0.01125	0.06125	-2.27819e-10
0.01375	0.06125	-3.21989e-10
0.01625	0.06125	-3.58665e-10
0.01875	0.06125	-5.3433e-10
0.02125	0.06125	-4.69406e-10
0.02375	0.06125	-7.90555e-10
0.02625	0.06125	-4.46301e-10
0.02875	0.06125	-9.79841e-10
0.03125	0.06125	-2.41459e-10
0.03375	0.06125	-1.54991e-09
0.03625	0.06125	-3.33293e-10
0.03875	0.06125	-9.58663e-09
0.04125	0.06125	1.76344e-08
0.04375	0.06125	-7.98851e-08
0.04625	0.06125	-1.70974e-06
0.04875	0.06125	-9.92866e-07
0.05125	0.06125	9.92866e-07
0.05375	0.06125	1.70974e-06
0.05625	0.06125	7.98851e-08
0.05875	0.06125	-1.76344e-08
0.06125	0.06125	9.58663e-09
0.06375	0.06125	3.33293e-10
0.06625	0.06125	1.54991e-09
0.06875	0.06125	2.41459e-10
0.07125	0.06125	9.79841e-10
0.07375	0.06125	4.46301e-10
0.07625	0.06125	7.90555e-10
0.07875	0.06125	4.69406e-10
0.08125	0.06125	5.3433e-10
0.08375	0.06125	3.58665e-10
0.08625	0.06125	3.21989e-10
0.08875	0.06125	2.27819e-10
0.09125	0.06125	1.72048e-10
0.09375	0.06125	1.15462e-10
0.09625	0.06125	6.22529e-11
0.09875	0.06125	1.60318e-11
0.00125	0.06375	-1.70851e-11
0.00375	0.06375	-5.67932e-11
0.00625	0.06375	-1.1485e-10
0.00875	0.06375	-1.57432e-10
0.01125	0.06375	-2.41713e-10
0.01375	0.06375	-3.01265e-10
0.01625	0.06375	-4.49444e-10
0.01875	0.06375	-5.75069e-10
0.02125	0.06375	-8.24651e-10
0.02375	0.06375	-1.33171e-09
0.02625	0.06375	-1.35059e-09
0.02875	0.06375	-4.21267e-09
0.03125	0.06375	-1.19863e-10
0.03375	0.06375	-1.64902e-08
0.03625	0.06375	2.10309e-08
0.03875	0.06375	-6.22282e-08
0.04125	0.06375	-2.39308e-06
0.04375	0.06375	-1.6302e-05
0.04625	0.06375	4.31142e-06
0.04875	0.06375	9.45099e-07
0.05125	0.06375	-9.45099e-07
0.05375	0.06375	-4.31142e-06
0.05625	0.06375	1.6302e-05
0.05875	0.06375	2.39308e-06
0.06125	0.06375	6.22282e-08
0.06375	0.06375	-2.10309e-08
0.06625	0.06375	1.64902e-08
0.06875	0.06375	1.19863e-10
0.07125	0.06375	4.21267e-09
0.07375	0.06375	1.35059e-09
0.07625	0.06375	1.33171e-09
0.07875	0.06375	8.24651e-10
0.08125	0.06375	5.75069e-10
0.08375	0.06375	4.49444e-10
0.08625	0.06375	3.01265e-10
0.08875	0.06375	2.41713e-10
0.09125	0.06375	1.57432e-10
0.09375	0.06375	1.1485e-10
0.09625	0.06375	5.67932e-11
0.09875	0.06375	1.70851e-11
0.00125	0.06625	-3.06379e-11
0.00375	0.06625	-1.0354e-10
0.00625	0.06625	-1.81937e-10
0.00875	0.06625	-2.88139e-10
0.01125	0.06625	-3.82451e-10
0.01375	0.06625	-5.95967e-10
0.01625	0.06625	-6.78635e-10
0.01875	0.06625	-1.1707e-09
0.02125	0.06625	-1.06066e-09
0.02375	0.06625	-2.17969e-09
0.02625	0.06625	-1.14236e-09
0.02875	0.06625	-3.06875e-09
0.03125	0.06625	1.35772e-09
0.03375	0.06625	1.91236e-09
0.03625	0.06625	1.01291e-08
0.03875	0.06625	-8.47124e-06
0.04125	0.06625	1.07041e-05
0.04375	0.06625	1.36749e-05
0.04625	0.06625	4.31953e-06
0.04875	0.06625	8.32665e-07
0.05125	0.06625	-8.32665e-07
0.05375	0.06625	-4.31953e-06
0.05625	0.06625	-1.36749e-05
0.05875	0.06625	-1.07041e-05
0.06125	0.06625	8.47124e-06
0.06375	0.06625	-1.01291e-08
0.06625	0.06625	-1.91236e-09
0.06875	0.06625	-1.35772e-09
0.07125	0.06625	3.06875e-09
0.07375	0.06625	1.14236e-09
0.07625	0.06625	2.17969e-09
0.07875	0.06625	1.06066e-09
0.08125	0.06625	1.1707e-09
0.08375	0.06625	6.78635e-10
0.08625	0.06625	5.95967e-10
0.08875	0.06625	3.82451e-10
0.09125	0.06625	2.88139e-10
0.09375	0.06625	1.81937e-10
0.09625	0.06625	1.0354e-10
0.09875	0.06625	3.06379e-11
0.00125	0.06875	-2.64412e-11
0.00375	0.06875	-7.63259e-11
0.00625	0.06875	-1.51179e-10
0.00875	0.06875	-1.97424e-10
0.01125	0.06875	-3.25893e-10
0.01375	0.06875	-3.36889e-10
0.01625	0.06875	-6.53107e-10
0.01875	0.06875	-4.60874e-10
0.02125	0.06875	-1.47954e-09
0.02375	0.06875	-3.99301e-10
0.02625	0.06875	-4.35149e-09
0.02875	0.06875	2.1455e-10
0.03125	0.06875	-1.81611e-08
0.03375	0.06875	-4.55192e-10
0.03625	0.06875	-8.09789e-08
0.03875	0.06875	-3.39095e-07
0.04125	0.06875	3.5036e-06
0.04375	0.06875	-2.52195e-07
0.04625	0.06875	-2.63233e-06
0.04875	0.06875	1.99269e-07
0.05125	0.06875	-1.99269e-07
0.05375	0.06875	2.63233e-06
0.05625	0.06875	2.52195e-07
0.05875	0.06875	-3.5036e-06
0.06125	0.06875	3.39095e-07
0.06375	0.06875	8.09789e-08
0.06625	0.06875	4.55192e-10
0.06875	0.06875	1.81611e-08
0.07125	0.06875	-2.1455e-10
0.07375	0.06875	4.35149e-09
0.07625	0.06875	3.99301e-10
0.07875	0.06875	1.47954e-09
0.08125	0.06875	4.60874e-10
0.08375	0.06875	6.53107e-10
0.08625	0.06875	3.36889e-10
0.08875	0.06875	3.25893e-10
0.09125	0.06875	1.97424e-10
0.09375	0.06875	1.51179e-10
0.09625	0.06875	7.63259e-11
0.09875	0.06875	2.64412e-11
0.00125	0.07125	-4.25148e-11
0.00375	0.07125	-1.40909e-10
0.00625	0.07125	-2.39087e-10
0.00875	0.07125	-3.99271e-10
0.01125	0.07125	-5.34367e-10
0.01375	0.07125	-9.03266e-10
0.01625	0.07125	-1.0748e-09
0.01875	0.07125	-2.11713e-09
0.02125	0.07125	-2.19219e-09
0.02375	0.07125	-5.53744e-09
0.02625	0.07125	-4.85843e-09
0.02875	0.07125	-1.6585e-08
0.03125	0.07125	-1.28597e-08
0.03375	0.07125	-5.85107e-08
0.03625	0.07125	-8.42971e-06
0.03875	0.07125	8.82077e-06
0.04125	0.07125	-1.45888e-07
0.04375	0.07125	2.67637e-07
0.04625	0.07125	1.02165e-06
0.04875	0.07125	1.41078e-08
0.05125	0.07125	-1.41078e-08
0.05375	0.07125	-1.02165e-06
0.05625	0.07125	-2.67637e-07
0.05875	0.07125	1.45888e-07
0.06125	0.07125	-8.82077e-06
0.06375	0.07125	8.42971e-06
0.06625	0.07125	5.85107e-08
0.06875	0.07125	1.28597e-08
0.07125	0.07125	1.6585e-08
0.07375	0.07125	4.85843e-09
0.07625	0.07125	5.53744e-09
0.07875	0.07125	2.19219e-09
0.08125	0.07125	2.11713e-09
0.08375	0.07125	1.0748e-09
0.08625	0.07125	9.03266e-10
0.08875	0.07125	5.34367e-10
0.09125	0.07125	3.99271e-10
0.09375	0.07125	2.39087e-10
0.09625	0.07125	1.40909e-10
0.09875	0.07125	4.25148e-11
0.00125	0.07375	-3.04073e-11
0.00375	0.07375	-9.72713e-11
0.00625	0.07375	-1.77013e-10
0.00875	0.07375	-2.48105e-10
0.01125	0.07375	-3.78454e-10
0.01375	0.07375	-4.19468e-10
0.01625	0.07375	-7.14806e-10
0.01875	0.07375	-4.84036e-10
0.02125	0.07375	-1.31873e-09
0.02375	0.07375	4.61993e-10
0.02625	0.07375	-2.15357e-09
0.02875	0.07375	7.95049e-09
0.03125	0.07375	-3.68618e-11
0.03375	0.07375	5.41816e-08
0.03625	0.07375	7.18618e-09
0.03875	0.07375	5.13547e-07
0.04125	0.07375	2.56922e-07
0.04375	0.07375	-3.22229e-08
0.04625	0.07375	-6.67492e-07
0.04875	0.07375	2.02571e-07
0.05125	0.07375	-2.02571e-07
0.05375	0.07375	6.67492e-07
0.05625	0.07375	3.22229e-08
0.05875	0.07375	-2.56922e-07
0.06125	0.07375	-5.13547e-07
0.06375	0.07375	-7.18618e-09
0.06625	0.07375	-5.41816e-08
0.06875	0.07375	3.68618e-11
0.07125	0.07375	-7.95049e-09
0.07375	0.07375	2.15357e-09
0.07625	0.07375	-4.61993e-10
0.07875	0.07375	1.31873e-09
0.08125	0.07375	4.84036e-10
0.08375	0.07375	7.14806e-10
0.08625	0.07375	4.19468e-10
0.08875	0.07375	3.78454e-10
0.09125	0.07375	2.48105e-10
0.09375	0.07375	1.77013e-10
0.09625	0.07375	9.72713e-11
0.09875	0.07375	3.04073e-11
0.00125	0.07625	-4.80022e-11
0.00375	0.07625	-1.54016e-10
0.00625	0.07625	-2.54002e-10
0.00875	0.07625	-4.25475e-10
0.01125	0.07625	-5.76043e-10
0.01375	0.07625	-9.58854e-10
0.01625	0.07625	-1.19383e-09
0.01875	0.07625	-2.26594e-09
0.02125	0.07625	-2.58861e-09
0.02375	0.07625	-6.09539e-09
0.02625	0.07625	-6.26187e-09
0.02875	0.07625	-2.01191e-08
0.03125	0.07625	-1.83824e-08
0.03375	0.07625	-9.37822e-08
0.03625	0.07625	-7.18537e-08
0.03875	0.07625	1.37803e-07
0.04125	0.07625	-3.18023e-07
0.04375	0.07625	2.37921e-07
0.04625	0.07625	4.89345e-07
0.04875	0.07625	-2.33982e-08
0.05125	0.07625	2.33982e-08
0.05375	0.07625	-4.89345e-07
0.05625	0.07625	-2.37921e-07
0.05875	0.07625	3.18023e-07
0.06125	0.07625	-1.37803e-07
0.06375	0.07625	7.18537e-08
0.06625	0.07625	9.37822e-08
0.06875	0.07625	1.83824e-08
0.07125	0.07625	2.01191e-08
0.07375	0.07625	6.26187e-09
0.07625	0.07625	6.09539e-09
0.07875	0.07625	2.58861e-09
0.08125	0.07625	2.26594e-09
0.08375	0.07625	1.19383e-09
0.08625	0.07625	9.58854e-10
0.08875	0.07625	5.76043e-10
0.09125	0.07625	4.25475e-10
0.09375	0.07625	2.54002e-10
0.09625	0.07625	1.54016e-10
0.09875	0.07625	4.80022e-11
0.00125	0.07875	-3.59166e-11
0.00375	0.07875	-1.29511e-10
0.00625	0.07875	-2.08128e-10
0.00875	0.07875	-3.40552e-10
0.01125	0.07875	-4.46591e-10
0.01375	0.07875	-6.78915e-10
0.01625	0.07875	-8.5634e-10
0.01875	0.07875	-1.36007e-09
0.02125	0.07875	-1.70898e-09
0.02375	0.07875	-3.2492e-09
0.02625	0.07875	-3.86547e-09
0.02875	0.07875	-1.13013e-08
0.03125	0.07875	-1.092e-08
0.03375	0.07875	-6.74509e-08
0.03625	0.07875	3.2985e-06
0.03875	0.07875	-1.74108e-08
0.04125	0.07875	4.88985e-07
0.04375	0.07875	-2.65647e-07
0.04625	0.07875	-8.46454e-07
0.04875	0.07875	2.04017e-07
0.05125	0.07875	-2.04017e-07
0.05375	0.07875	8.46454e-07
0.05625	0.07875	2.65647e-07
0.05875	0.07875	-4.88985e-07
0.06125	0.07875	1.74108e-08
0.06375	0.07875	-3.2985e-06
0.06625	0.07875	6.74509e-08
0.06875	0.07875	1.092e-08
0.07125	0.07875	1.13013e-08
0.07375	0.07875	3.86547e-09
0.07625	0.07875	3.2492e-09
0.07875	0.07875	1.70898e-09
0.08125	0.07875	1.36007e-09
0.08375	0.07875	8.5634e-10
0.08625	0.07875	6.78915e-10
0.08875	0.07875	4.46591e-10
0.09125	0.07875	3.40552e-10
0.09375	0.07875	2.08128e-10
0.09625	0.07875	1.29511e-10
0.09875	0.07875	3.59166e-11
0.00125	0.08125	-5.50225e-11
0.00375	0.08125	-1.48324e-10
0.00625	0.08125	-2.39208e-10
0.00875	0.08125	-3.71125e-10
0.01125	0.08125	-5.42177e-10
0.01375	0.08125	-7.34755e-10
0.01625	0.08125	-1.14829e-09
0.01875	0.08125	-1.33448e-09
0.02125	0.08125	-2.57645e-09
0.02375	0.08125	-2.01564e-09
0.02625	0.08125	-6.82175e-09
0.02875	0.08125	-2.44082e-10
0.03125	0.08125	-2.74787e-08
0.03375	0.08125	9.39578e-08
0.03625	0.08125	9.10601e-07
0.03875	0.08125	-1.90361e-06
0.04125	0.08125	-7.49512e-07
0.04375	0.08125	7.75609e-07
0.04625	0.08125	1.6222e-06
0.04875	0.08125	-9.48842e-09
0.05125	0.08125	9.48842e-09
0.05375	0.08125	-1.6222e-06
0.05625	0.08125	-7.75609e-07
0.05875	0.08125	7.49512e-07
0.06125	0.08125	1.90361e-06
0.06375	0.08125	-9.10601e-07
0.06625	0.08125	-9.39578e-08
0.06875	0.08125	2.74787e-08
0.07125	0.08125	2.44082e-10
0.07375	0.08125	6.82175e-09
0.07625	0.08125	2.01564e-09
0.07875	0.08125	2.57645e-09
0.08125	0.08125	1.33448e-09
0.08375	0.08125	1.14829e-09
0.08625	0.08125	7.34755e-10
0.08875	0.08125	5.42177e-10
0.09125	0.08125	3.71125e-10
0.09375	0.08125	2.39208e-10
0.09625	0.08125	1.48324e-10
0.09875	0.08125	5.50225e-11
0.00125	0.08375	-4.8499e-11
0.00375	0.08375	-1.67262e-10
0.00625	0.08375	-2.5276e-10
0.00875	0.08375	-4.38669e-10
0.01125	0.08375	-5.36153e-10
0.01375	0.08375	-9.07898e-10
0.01625	0.08375	-1.01197e-09
0.01875	0.08375	-1.88776e-09
0.02125	0.08375	-1.97422e-09
0.02375	0.08375	-4.20661e-09
0.02625	0.08375	-4.48778e-09
0.02875	0.08375	-9.74081e-09
0.03125	0.08375	-1.38565e-08
0.03375	0.08375	-4.38531e-09
0.03625	0.08375	4.70553e-07
0.03875	0.08375	4.88111e-06
0.04125	0.08375	1.8239e-06
0.04375	0.08375	-1.239e-06
0.04625	0.08375	-3.63112e-06
0.04875	0.08375	2.96329e-07
0.05125	0.08375	-2.96329e-07
0.05375	0.08375	3.63112e-06
0.05625	0.08375	1.239e-06
0.05875	0.08375	-1.8239e-06
0.06125	0.08375	-4.88111e-06
0.06375	0.08375	-4.70553e-07
0.06625	0.08375	4.38531e-09
0.06875	0.08375	1.38565e-08
0.07125	0.08375	9.74081e-09
0.07375	0.08375	4.48778e-09
0.07625	0.08375	4.20661e-09
0.07875	0.08375	1.97422e-09
0.08125	0.08375	1.88776e-09
0.08375	0.08375	1.01197e-09
0.08625	0.08375	9.07898e-10
0.08875	0.08375	5.36153e-10
0.09125	0.08375	4.38669e-10
0.09375	0.08375	2.5276e-10
0.09625	0.08375	1.67262e-10
0.09875	0.08375	4.8499e-11
0.00125	0.08625	-6.43431e-11
0.00375	0.08625	-1.42497e-10
0.00625	0.08625	-2.14099e-10
0.00875	0.08625	-3.23557e-10
0.01125	0.08625	-4.83173e-10
0.01375	0.08625	-6.07221e-10
0.01625	0.08625	-1.04179e-09
0.01875	0.08625	-1.03504e-09
0.02125	0.08625	-2.33933e-09
0.02375	0.08625	-1.61214e-09
0.02625	0.08625	-5.52642e-09
0.02875	0.08625	-2.69866e-09
0.03125	0.08625	-1.24963e-08
0.03375	0.08625	-5.23001e-09
0.03625	0.08625	1.74106e-07
0.03875	0.08625	2.61076e-06
0.04125	0.08625	4.814e-06
0.04375	0.08625	1.4042e-05
0.04625	0.08625	3.61664e-06
0.04875	0.08625	1.45444e-07
0.05125	0.08625	-1.45444e-07
0.05375	0.08625	-3.61664e-06
0.05625	0.08625	-1.4042e-05
0.05875	0.08625	-4.814e-06
0.06125	0.08625	-2.61076e-06
0.06375	0.08625	-1.74106e-07
0.06625	0.08625	5.23001e-09
0.06875	0.08625	1.24963e-08
0.07125	0.08625	2.69866e-09
0.07375	0.08625	5.52642e-09
0.07625	0.08625	1.61214e-09
0.07875	0.08625	2.33933e-09
0.08125	0.08625	1.03504e-09
0.08375	0.08625	1.04179e-09
0.08625	0.08625	6.07221e-10
0.08875	0.08625	4.83173e-10
0.09125	0.08625	3.23557e-10
0.09375	0.08625	2.14099e-10
0.09625	0.08625	1.42497e-10
0.09875	0.08625	6.43431e-11
0.00125	0.08875	-6.71989e-11
0.00375	0.08875	-2.04411e-10
0.00625	0.08875	-3.11481e-10
0.00875	0.08875	-5.20762e-10
0.01125	0.08875	-6.46972e-10
0.01375	0.08875	-1.03456e-09
0.01625	0.08875	-1.18701e-09
0.01875	0.08875	-1.98006e-09
0.02125	0.08875	-2.18196e-09
0.02375	0.08875	-3.78273e-09
0.02625	0.08875	-4.36491e-09
0.02875	0.08875	-7.01545e-09
0.03125	0.08875	-1.03745e-08
0.03375	0.08875	-1.22766e-08
0.03625	0.08875	-1.00148e-08
0.03875	0.08875	3.42151e-07
0.04125	0.08875	3.12483e-06
0.04375	0.08875	3.88295e-06
0.04625	0.08875	2.71046e-06
0.04875	0.08875	1.58112e-06
0.05125	0.08875	-1.58112e-06
0.05375	0.08875	-2.71046e-06
0.05625	0.08875	-3.88295e-06
0.05875	0.08875	-3.12483e-06
0.06125	0.08875	-3.42151e-07
0.06375	0.08875	1.00148e-08
0.06625	0.08875	1.22766e-08
0.06875	0.08875	1.03745e-08
0.07125	0.08875	7.01545e-09
0.07375	0.08875	4.36491e-09
0.07625	0.08875	3.78273e-09
0.07875	0.08875	2.18196e-09
0.08125	0.08875	1.98006e-09
0.08375	0.08875	1.18701e-09
0.08625	0.08875	1.03456e-09
0.08875	0.08875	6.46972e-10
0.09125	0.08875	5.20762e-10
0.09375	0.08875	3.11481e-10
0.09625	0.08875	2.04411e-10
0.09875	0.08875	6.71989e-11
0.00125	0.09125	-7.3003e-11
0.00375	0.09125	-1.38532e-10
0.00625	0.09125	-1.87162e-10
0.00875	0.09125	-2.92843e-10
0.01125	0.09125	-4.16601e-10
0.01375	0.09125	-5.59984e-10
0.01625	0.09125	-8.86249e-10
0.01875	0.09125	-1.00477e-09
0.02125	0.09125	-1.86727e-09
0.02375	0.09125	-1.71452e-09
0.02625	0.09125	-3.79187e-09
0.02875	0.09125	-2.93329e-09
0.03125	0.09125	-6.92734e-09
0.03375	0.09125	-5.40666e-09
0.03625	0.09125	-1.06682e-08
0.03875	0.09125	9.68262e-09
0.04125	0.09125	1.81897e-07
0.04375	0.09125	4.95718e-07
0.04625	0.09125	1.59793e-06
0.04875	0.09125	9.93014e-07
0.05125	0.09125	-9.93014e-07
0.05375	0.09125	-1.59793e-06
0.05625	0.09125	-4.95718e-07
0.05875	0.09125	-1.81897e-07
0.06125	0.09125	-9.68262e-09
0.06375	0.09125	1.06682e-08
0.06625	0.09125	5.40666e-09
0.06875	0.09125	6.92734e-09
0.07125	0.09125	2.93329e-09
0.07375	0.09125	3.79187e-09
0.07625	0.09125	1.71452e-09
0.07875	0.09125	1.86727e-09
0.08125	0.09125	1.00477e-09
0.08375	0.09125	8.86249e-10
0.08625	0.09125	5.59984e-10
0.08875	0.09125	4.16601e-10
0.09125	0.09125	2.92843e-10
0.09375	0.09125	1.87162e-10
0.09625	0.09125	1.38532e-10
0.09875	0.09125	7.3003e-11
0.00125	0.09375	-8.83634e-11
0.00375	0.09375	-2.42224e-10
0.00625	0.09375	-3.78815e-10
0.00875	0.09375	-5.97897e-10
0.01125	0.09375	-7.68064e-10
0.01375	0.09375	-1.12625e-09
0.01625	0.09375	-1.36145e-09
0.01875	0.09375	-1.97057e-09
0.02125	0.09375	-2.31908e-09
0.02375	0.09375	-3.2714e-09
0.02625	0.09375	-3.86246e-09
0.02875	0.09375	-4.92653e-09
0.03125	0.09375	-6.02072e-09
0.03375	0.09375	-6.10751e-09
0.03625	0.09375	-6.5303e-09
0.03875	0.09375	-5.43723e-09
0.04125	0.09375	1.14828e-08
0.04375	0.09375	3.76524e-08
0.04625	0.09375	1.8195e-07
0.04875	0.09375	1.19091e-07
0.05125	0.09375	-1.19091e-07
0.05375	0.09375	-1.8195e-07
0.05625	0.09375	-3.76524e-08
0.05875	0.09375	-1.14828e-08
0.06125	0.09375	5.43723e-09
0.06375	0.09375	6.5303e-09
0.06625	0.09375	6.10751e-09
0.06875	0.09375	6.02072e-09
0.07125	0.09375	4.92653e-09
0.07375	0.09375	3.86246e-09
0.07625	0.09375	3.2714e-09
0.07875	0.09375	2.31908e-09
0.08125	0.09375	1.97057e-09
0.08375	0.09375	1.36145e-09
0.08625	0.09375	1.12625e-09
0.08875	0.09375	7.68064e-10
0.09125	0.09375	5.97897e-10
0.09375	0.09375	3.78815e-10
0.09625	0.09375	2.42224e-10
0.09875	0.09375	8.83634e-11
0.00125	0.09625	-7.0527e-11
0.00375	0.09625	-1.19076e-10
0.00625	0.09625	-1.42505e-10
0.00875	0.09625	-2.39051e-10
0.01125	0.09625	-3.19316e-10
0.01375	0.09625	-4.78567e-10
0.01625	0.09625	-6.7864e-10
0.01875	0.09625	-8.97187e-10
0.02125	0.09625	-1.34233e-09
0.02375	0.09625	-1.51246e-09
0.02625	0.09625	-2.30726e-09
0.02875	0.09625	-2.12233e-09
0.03125	0.09625	-2.83255e-09
0.03375	0.09625	-1.76708e-09
0.03625	0.09625	-2.96234e-10
0.03875	0.09625	2.29905e-09
0.04125	0.09625	6.38495e-09
0.04375	0.09625	1.70888e-09
0.04625	0.09625	6.59869e-09
0.04875	0.09625	3.61111e-09
0.05125	0.09625	-3.61111e-09
0.05375	0.09625	-6.59869e-09
0.05625	0.09625	-1.70888e-09
0.05875	0.09625	-6.38495e-09
0.06125	0.09625	-2.29905e-09
0.06375	0.09625	2.96234e-10
0.06625	0.09625	1.76708e-09
0.06875	0.09625	2.83255e-09
0.07125	0.09625	2.12233e-09
0.07375	0.09625	2.30726e-09
0.07625	0.09625	1.51246e-09
0.07875	0.09625	1.34233e-09
0.08125	0.09625	8.97187e-10
0.08375	0.09625	6.7864e-10
0.08625	0.09625	4.78567e-10
0.08875	0.09625	3.19316e-10
0.09125	0.09625	2.39051e-10
0.09375	0.09625	1.42505e-10
0.09625	0.09625	1.19076e-10
0.09875	0.09625	7.0527e-11
0.00125	0.09875	1.80175e-10
0.00375	0.09875	5.92112e-10
0.00625	0.09875	1.04678e-09
0.00875	0.09875	1.44742e-09
0.01125	0.09875	1.92909e-09
0.01375	0.09875	2.31872e-09
0.01625	0.09875	2.82833e-09
0.01875	0.09875	3.21307e-09
0.02125	0.09875	3.73256e-09
0.02375	0.09875	4.18815e-09
0.02625	0.09875	4.72127e-09
0.02875	0.09875	5.53611e-09
0.03125	0.09875	6.37717e-09
0.03375	0.09875	8.11069e-09
0.03625	0.09875	1.05065e-08
0.03875	0.09875	1.28492e-08
0.04125	0.09875	1.74306e-08
0.04375	0.09875	1.56814e-08
0.04625	0.09875	1.05609e-08
0.04875	0.09875	1.66909e-09
0.05125	0.09875	-1.66909e-09
0.05375	0.09875	-1.05609e-08
0.05625	0.09875	-1.56814e-08
0.05875	0.09875	-1.74306e-08
0.06125	0.09875	-1.28492e-08
0.06375	0.09875	-1.05065e-08
0.06625	0.09875	-8.11069e-09
0.06875	0.09875	-6.37717e-09
0.07125	0.09875	-5.53611e-09
0.07375	0.09875	-4.72127e-09
0.07625	0.09875	-4.18815e-09
0.07875	0.09875	-3.73256e-09
0.08125	0.09875	-3.21307e-09
0.08375	0.09875	-2.82833e-09
0.08625	0.09875	-2.31872e-09
0.08875	0.09875	-1.92909e-09
0.09125	0.09875	-1.44742e-09
0.09375	0.09875	-1.04678e-09
0.09625	0.09875	-5.92112e-10
0.09875	0.09875	-1.80175e-10
