0.00125	0.00125	-7.37695e-06
0.00375	0.00125	-7.37698e-06
0.00625	0.00125	-7.37699e-06
0.00875	0.00125	-7.37702e-06
0.01125	0.00125	-7.37703e-06
0.01375	0.00125	-7.37706e-06
0.01625	0.00125	-7.37709e-06
0.01875	0.00125	-7.37712e-06
0.02125	0.00125	-7.37715e-06
0.02375	0.00125	-7.37719e-06
0.02625	0.00125	-7.37723e-06
0.02875	0.00125	-7.37727e-06
0.03125	0.00125	-7.3773e-06
0.03375	0.00125	-7.37734e-06
0.03625	0.00125	-7.37737e-06
0.03875	0.00125	-7.3774e-06
0.04125	0.00125	-7.37743e-06
0.04375	0.00125	-7.37745e-06
0.04625	0.00125	-7.37746e-06
0.04875	0.00125	-7.37747e-06
0.05125	0.00125	-7.37747e-06
0.05375	0.00125	-7.37746e-06
0.05625	0.00125	-7.37745e-06
0.05875	0.00125	-7.37743e-06
0.06125	0.00125	-7.3774e-06
0.06375	0.00125	-7.37737e-06
0.06625	0.00125	-7.37734e-06
0.06875	0.00125	-7.3773e-06
0.07125	0.00125	-7.37727e-06
0.07375	0.00125	-7.37723e-06
0.07625	0.00125	-7.37719e-06
0.07875	0.00125	-7.37715e-06
0.08125	0.00125	-7.37712e-06
0.08375	0.00125	-7.37709e-06
0.08625	0.00125	-7.37706e-06
0.08875	0.00125	-7.37703e-06
0.09125	0.00125	-7.37702e-06
0.09375	0.00125	-7.37699e-06
0.09625	0.00125	-7.37698e-06
0.09875	0.00125	-7.37695e-06
0.00125	0.00375	-5.539e-06
0.00375	0.00375	-5.53899e-06
0.00625	0.00375	-5.539e-06
0.00875	0.00375	-5.53902e-06
0.01125	0.00375	-5.53903e-06
0.01375	0.00375	-5.53906e-06
0.01625	0.00375	-5.53909e-06
0.01875	0.00375	-5.53912e-06
0.02125	0.00375	-5.53915e-06
0.02375	0.00375	-5.53919e-06
0.02625	0.00375	-5.53922e-06
0.02875	0.00375	-5.53926e-06
0.03125	0.00375	-5.53929e-06
0.03375	0.00375	-5.53933e-06
0.03625	0.00375	-5.53936e-06
0.03875	0.00375	-5.53939e-06
0.04125	0.00375	-5.53941e-06
0.04375	0.00375	-5.53943e-06
0.04625	0.00375	-5.53944e-06
0.04875	0.00375	-5.53945e-06
0.05125	0.00375	-5.53945e-06
0.05375	0.00375	-5.53944e-06
0.05625	0.00375	-5.53943e-06
0.05875	0.00375	-5.53941e-06
0.06125	0.00375	-5.53939e-06
0.06375	0.00375	-5.53936e-06
0.06625	0.00375	-5.53933e-06
0.06875	0.00375	-5.53929e-06
0.07125	0.00375	-5.53926e-06
0.07375	0.00375	-5.53922e-06
0.07625	0.00375	-5.53919e-06
0.07875	0.00375	-5.53915e-06
0.08125	0.00375	-5.53912e-06
0.08375	0.00375	-5.53909e-06
0.08625	0.00375	-5.53906e-06
0.08875	0.00375	-5.53903e-06
0.09125	0.00375	-5.53902e-06
0.09375	0.00375	-5.539e-06
0.09625	0.00375	-5.53899e-06
0.09875	0.00375	-5.539e-06
0.00125	0.00625	-4.91772e-06
0.00375	0.00625	-4.91774e-06
0.00625	0.00625	-4.91775e-06
0.00875	0.00625	-4.91777e-06
0.01125	0.00625	-4.91779e-06
0.01375	0.00625	-4.91782e-06
0.01625	0.00625	-4.91786e-06
0.01875	0.00625	-4.91789e-06
0.02125	0.00625	-4.91793e-06
0.02375	0.00625	-4.91797e-06
0.02625	0.00625	-4.91801e-06
0.02875	0.00625	-4.91806e-06
0.03125	0.00625	-4.9181e-06
0.03375	0.00625	-4.91814e-06
0.03625	0.00625	-4.91818e-06
0.03875	0.00625	-4.91821e-06
0.04125	0.00625	-4.91824e-06
0.04375	0.00625	-4.91826e-06
0.04625	0.00625	-4.91827e-06
0.04875	0.00625	-4.91828e-06
0.05125	0.00625	-4.91828e-06
0.05375	0.00625	-4.91827e-06
0.05625	0.00625	-4.91826e-06
0.05875	0.00625	-4.91824e-06
0.06125	0.00625	-4.91821e-06
0.06375	0.00625	-4.91818e-06
0.06625	0.00625	-4.91814e-06
0.06875	0.00625	-4.9181e-06
0.07125	0.00625	-4.91806e-06
0.07375	0.00625	-4.91801e-06
0.07625	0.00625	-4.91797e-06
0.07875	0.00625	-4.91793e-06
0.08125	0.00625	-4.91789e-06
0.08375	0.00625	-4.91786e-06
0.08625	0.00625	-4.91782e-06
0.08875	0.00625	-4.91779e-06
0.09125	0.00625	-4.91777e-06
0.09375	0.00625	-4.91775e-06
0.09625	0.00625	-4.91774e-06
0.09875	0.00625	-4.91772e-06
0.00125	0.00875	-3.70049e-06
0.00375	0.00875	-3.7005e-06
0.00625	0.00875	-3.70051e-06
0.00875	0.00875	-3.70053e-06
0.01125	0.00875	-3.70055e-06
0.01375	0.00875	-3.70057e-06
0.01625	0.00875	-3.7006e-06
0.01875	0.00875	-3.70064e-06
0.02125	0.00875	-3.70067e-06
0.02375	0.00875	-3.70071e-06
0.02625	0.00875	-3.70075e-06
0.02875	0.00875	-3.70079e-06
0.03125	0.00875	-3.70082e-06
0.03375	0.00875	-3.70086e-06
0.03625	0.00875	-3.70089e-06
0.03875	0.00875	-3.70092e-06
0.04125	0.00875	-3.70095e-06
0.04375	0.00875	-3.70096e-06
0.04625	0.00875	-3.70098e-06
0.04875	0.00875	-3.70098e-06
0.05125	0.00875	-3.70098e-06
0.05375	0.00875	-3.70098e-06
0.05625	0.00875	-3.70096e-06
0.05875	0.00875	-3.70095e-06
0.06125	0.00875	-3.70092e-06
0.06375	0.00875	-3.70089e-06
0.06625	0.00875	-3.70086e-06
0.06875	0.00875	-3.70082e-06
0.07125	0.00875	-3.70079e-06
0.07375	0.00875	-3.70075e-06
0.07625	0.00875	-3.70071e-06
0.07875	0.00875	-3.70067e-06
0.08125	0.00875	-3.70064e-06
0.08375	0.00875	-3.7006e-06
0.08625	0.00875	-3.70057e-06
0.08875	0.00875	-3.70055e-06
0.09125	0.00875	-3.70053e-06
0.09375	0.00875	-3.70051e-06
0.09625	0.00875	-3.7005e-06
0.09875	0.00875	-3.70049e-06
0.00125	0.01125	-2.46623e-06
0.00375	0.01125	-2.46623e-06
0.00625	0.01125	-2.46624e-06
0.00875	0.01125	-2.46626e-06
0.01125	0.01125	-2.46628e-06
0.01375	0.01125	-2.46632e-06
0.01625	0.01125	-2.46636e-06
0.01875	0.01125	-2.4664e-06
0.02125	0.01125	-2.46645e-06
0.02375	0.01125	-2.46649e-06
0.02625	0.01125	-2.46655e-06
0.02875	0.01125	-2.4666e-06
0.03125	0.01125	-2.46665e-06
0.03375	0.01125	-2.4667e-06
0.03625	0.01125	-2.46674e-06
0.03875	0.01125	-2.46678e-06
0.04125	0.01125	-2.46682e-06
0.04375	0.01125	-2.46684e-06
0.04625	0.01125	-2.46686e-06
0.04875	0.01125	-2.46687e-06
0.05125	0.01125	-2.46687e-06
0.05375	0.01125	-2.46686e-06
0.05625	0.01125	-2.46684e-06
0.05875	0.01125	-2.46682e-06
0.06125	0.01125	-2.46678e-06
0.06375	0.01125	-2.46674e-06
0.06625	0.01125	-2.4667e-06
0.06875	0.01125	-2.46665e-06
0.07125	0.01125	-2.4666e-06
0.07375	0.01125	-2.46655e-06
0.07625	0.01125	-2.46649e-06
0.07875	0.01125	-2.46645e-06
0.08125	0.01125	-2.4664e-06
0.08375	0.01125	-2.46636e-06
0.08625	0.01125	-2.46632e-06
0.08875	0.01125	-2.46628e-06
0.09125	0.01125	-2.46626e-06
0.09375	0.01125	-2.46624e-06
0.09625	0.01125	-2.46623e-06
0.09875	0.01125	-2.46623e-06
0.00125	0.01375	-1.85809e-06
0.00375	0.01375	-1.85813e-06
0.00625	0.01375	-1.85814e-06
0.00875	0.01375	-1.85816e-06
0.01125	0.01375	-1.85819e-06
0.01375	0.01375	-1.85822e-06
0.01625	0.01375	-1.85825e-06
0.01875	0.01375	-1.85829e-06
0.02125	0.01375	-1.85833e-06
0.02375	0.01375	-1.85837e-06
0.02625	0.01375	-1.85842e-06
0.02875	0.01375	-1.85846e-06
0.03125	0.01375	-1.8585e-06
0.03375	0.01375	-1.85854e-06
0.03625	0.01375	-1.85858e-06
0.03875	0.01375	-1.85862e-06
0.04125	0.01375	-1.85864e-06
0.04375	0.01375	-1.85867e-06
0.04625	0.01375	-1.85868e-06
0.04875	0.01375	-1.85869e-06
0.05125	0.01375	-1.85869e-06
0.05375	0.01375	-1.85868e-06
0.05625	0.01375	-1.85867e-06
0.05875	0.01375	-1.85864e-06
0.06125	0.01375	-1.85862e-06
0.06375	0.01375	-1.85858e-06
0.06625	0.01375	-1.85854e-06
0.06875	0.01375	-1.8585e-06
0.07125	0.01375	-1.85846e-06
0.07375	0.01375	-1.85842e-06
0.07625	0.01375	-1.85837e-06
0.07875	0.01375	-1.85833e-06
0.08125	0.01375	-1.85829e-06
0.08375	0.01375	-1.85825e-06
0.08625	0.01375	-1.85822e-06
0.08875	0.01375	-1.85819e-06
0.09125	0.01375	-1.85816e-06
0.09375	0.01375	-1.85814e-06
0.09625	0.01375	-1.85813e-06
0.09875	0.01375	-1.85809e-06
0.00125	0.01625	-2.12416e-08
0.00375	0.01625	-2.12368e-08
0.00625	0.01625	-2.12535e-08
0.00875	0.01625	-2.12772e-08
0.01125	0.01625	-2.13102e-08
0.01375	0.01625	-2.135e-08
0.01625	0.01625	-2.13973e-08
0.01875	0.01625	-2.14508e-08
0.02125	0.01625	-2.1509e-08
0.02375	0.01625	-2.15716e-08
0.02625	0.01625	-2.16365e-08
0.02875	0.01625	-2.17023e-08
0.03125	0.01625	-2.17676e-08
0.03375	0.01625	-2.1831e-08
0.03625	0.01625	-2.18893e-08
0.03875	0.01625	-2.19426e-08
0.04125	0.01625	-2.19869e-08
0.04375	0.01625	-2.20224e-08
0.04625	0.01625	-2.20464e-08
0.04875	0.01625	-2.2059e-08
0.05125	0.01625	-2.2059e-08
0.05375	0.01625	-2.20464e-08
0.05625	0.01625	-2.20224e-08
0.05875	0.01625	-2.19869e-08
0.06125	0.01625	-2.19426e-08
0.06375	0.01625	-2.18893e-08
0.06625	0.01625	-2.1831e-08
0.06875	0.01625	-2.17676e-08
0.07125	0.01625	-2.17023e-08
0.07375	0.01625	-2.16365e-08
0.07625	0.01625	-2.15716e-08
0.07875	0.01625	-2.1509e-08
0.08125	0.01625	-2.14508e-08
0.08375	0.01625	-2.13973e-08
0.08625	0.01625	-2.135e-08
0.08875	0.01625	-2.13102e-08
0.09125	0.01625	-2.12772e-08
0.09375	0.01625	-2.12535e-08
0.09625	0.01625	-2.12368e-08
0.09875	0.01625	-2.12416e-08
0.00125	0.01875	-1.61475e-08
0.00375	0.01875	-1.61582e-08
0.00625	0.01875	-1.6174e-08
0.00875	0.01875	-1.61978e-08
0.01125	0.01875	-1.62283e-08
0.01375	0.01875	-1.62654e-08
0.01625	0.01875	-1.63085e-08
0.01875	0.01875	-1.63568e-08
0.02125	0.01875	-1.64094e-08
0.02375	0.01875	-1.64652e-08
0.02625	0.01875	-1.65228e-08
0.02875	0.01875	-1.65813e-08
0.03125	0.01875	-1.66386e-08
0.03375	0.01875	-1.66938e-08
0.03625	0.01875	-1.67445e-08
0.03875	0.01875	-1.67903e-08
0.04125	0.01875	-1.68282e-08
0.04375	0.01875	-1.68586e-08
0.04625	0.01875	-1.68789e-08
0.04875	0.01875	-1.68895e-08
0.05125	0.01875	-1.68895e-08
0.05375	0.01875	-1.68789e-08
0.05625	0.01875	-1.68586e-08
0.05875	0.01875	-1.68282e-08
0.06125	0.01875	-1.67903e-08
0.06375	0.01875	-1.67445e-08
0.06625	0.01875	-1.66938e-08
0.06875	0.01875	-1.66386e-08
0.07125	0.01875	-1.65813e-08
0.07375	0.01875	-1.65228e-08
0.07625	0.01875	-1.64652e-08
0.07875	0.01875	-1.64094e-08
0.08125	0.01875	-1.63568e-08
0.08375	0.01875	-1.63085e-08
0.08625	0.01875	-1.62654e-08
0.08875	0.01875	-1.62283e-08
0.09125	0.01875	-1.61978e-08
0.09375	0.01875	-1.6174e-08
0.09625	0.01875	-1.61582e-08
0.09875	0.01875	-1.61475e-08
0.00125	0.02125	-1.66881e-08
0.00375	0.02125	-1.66944e-08
0.00625	0.02125	-1.67101e-08
0.00875	0.02125	-1.67327e-08
0.01125	0.02125	-1.67631e-08
0.01375	0.02125	-1.68e-08
0.01625	0.02125	-1.6843e-08
0.01875	0.02125	-1.68913e-08
0.02125	0.02125	-1.6944e-08
0.02375	0.02125	-1.69999e-08
0.02625	0.02125	-1.70577e-08
0.02875	0.02125	-1.71163e-08
0.03125	0.02125	-1.71739e-08
0.03375	0.02125	-1.72294e-08
0.03625	0.02125	-1.72805e-08
0.03875	0.02125	-1.73267e-08
0.04125	0.02125	-1.73652e-08
0.04375	0.02125	-1.73959e-08
0.04625	0.02125	-1.74166e-08
0.04875	0.02125	-1.74274e-08
0.05125	0.02125	-1.74274e-08
0.05375	0.02125	-1.74166e-08
0.05625	0.02125	-1.73959e-08
0.05875	0.02125	-1.73652e-08
0.06125	0.02125	-1.73267e-08
0.06375	0.02125	-1.72805e-08
0.06625	0.02125	-1.72294e-08
0.06875	0.02125	-1.71739e-08
0.07125	0.02125	-1.71163e-08
0.07375	0.02125	-1.70577e-08
0.07625	0.02125	-1.69999e-08
0.07875	0.02125	-1.6944e-08
0.08125	0.02125	-1.68913e-08
0.08375	0.02125	-1.6843e-08
0.08625	0.02125	-1.68e-08
0.08875	0.02125	-1.67631e-08
0.09125	0.02125	-1.67327e-08
0.09375	0.02125	-1.67101e-08
0.09625	0.02125	-1.66944e-08
0.09875	0.02125	-1.66881e-08
0.00125	0.02375	-1.42797e-08
0.00375	0.02375	-1.42873e-08
0.00625	0.02375	-1.43032e-08
0.00875	0.02375	-1.43268e-08
0.01125	0.02375	-1.43577e-08
0.01375	0.02375	-1.43954e-08
0.01625	0.02375	-1.44394e-08
0.01875	0.02375	-1.44887e-08
0.02125	0.02375	-1.45425e-08
0.02375	0.02375	-1.45996e-08
0.02625	0.02375	-1.46588e-08
0.02875	0.02375	-1.47188e-08
0.03125	0.02375	-1.47777e-08
0.03375	0.02375	-1.48348e-08
0.03625	0.02375	-1.48869e-08
0.03875	0.02375	-1.49343e-08
0.04125	0.02375	-1.49734e-08
0.04375	0.02375	-1.5005e-08
0.04625	0.02375	-1.50258e-08
0.04875	0.02375	-1.5037e-08
0.05125	0.02375	-1.5037e-08
0.05375	0.02375	-1.50258e-08
0.05625	0.02375	-1.5005e-08
0.05875	0.02375	-1.49734e-08
0.06125	0.02375	-1.49343e-08
0.06375	0.02375	-1.48869e-08
0.06625	0.02375	-1.48348e-08
0.06875	0.02375	-1.47777e-08
0.07125	0.02375	-1.47188e-08
0.07375	0.02375	-1.46588e-08
0.07625	0.02375	-1.45996e-08
0.07875	0.02375	-1.45425e-08
0.08125	0.02375	-1.44887e-08
0.08375	0.02375	-1.44394e-08
0.08625	0.02375	-1.43954e-08
0.08875	0.02375	-1.43577e-08
0.09125	0.02375	-1.43268e-08
0.09375	0.02375	-1.43032e-08
0.09625	0.02375	-1.42873e-08
0.09875	0.02375	-1.42797e-08
0.00125	0.02625	-1.42661e-08
0.00375	0.02625	-1.42744e-08
0.00625	0.02625	-1.42909e-08
0.00875	0.02625	-1.43153e-08
0.01125	0.02625	-1.43475e-08
0.01375	0.02625	-1.43867e-08
0.01625	0.02625	-1.44326e-08
0.01875	0.02625	-1.44842e-08
0.02125	0.02625	-1.45407e-08
0.02375	0.02625	-1.4601e-08
0.02625	0.02625	-1.46638e-08
0.02875	0.02625	-1.47278e-08
0.03125	0.02625	-1.47911e-08
0.03375	0.02625	-1.48526e-08
0.03625	0.02625	-1.49095e-08
0.03875	0.02625	-1.49613e-08
0.04125	0.02625	-1.50046e-08
0.04375	0.02625	-1.50395e-08
0.04625	0.02625	-1.5063e-08
0.04875	0.02625	-1.50755e-08
0.05125	0.02625	-1.50755e-08
0.05375	0.02625	-1.5063e-08
0.05625	0.02625	-1.50395e-08
0.05875	0.02625	-1.50046e-08
0.06125	0.02625	-1.49613e-08
0.06375	0.02625	-1.49095e-08
0.06625	0.02625	-1.48526e-08
0.06875	0.02625	-1.47911e-08
0.07125	0.02625	-1.47278e-08
0.07375	0.02625	-1.46638e-08
0.07625	0.02625	-1.4601e-08
0.07875	0.02625	-1.45407e-08
0.08125	0.02625	-1.44842e-08
0.08375	0.02625	-1.44326e-08
0.08625	0.02625	-1.43867e-08
0.08875	0.02625	-1.43475e-08
0.09125	0.02625	-1.43153e-08
0.09375	0.02625	-1.42909e-08
0.09625	0.02625	-1.42744e-08
0.09875	0.02625	-1.42661e-08
0.00125	0.02875	-1.22987e-08
0.00375	0.02875	-1.23064e-08
0.00625	0.02875	-1.23236e-08
0.00875	0.02875	-1.23488e-08
0.01125	0.02875	-1.23824e-08
0.01375	0.02875	-1.24233e-08
0.01625	0.02875	-1.24714e-08
0.01875	0.02875	-1.25256e-08
0.02125	0.02875	-1.25852e-08
0.02375	0.02875	-1.26489e-08
0.02625	0.02875	-1.27153e-08
0.02875	0.02875	-1.27834e-08
0.03125	0.02875	-1.28504e-08
0.03375	0.02875	-1.29161e-08
0.03625	0.02875	-1.29761e-08
0.03875	0.02875	-1.30321e-08
0.04125	0.02875	-1.30771e-08
0.04375	0.02875	-1.31152e-08
0.04625	0.02875	-1.31392e-08
0.04875	0.02875	-1.31528e-08
0.05125	0.02875	-1.31528e-08
0.05375	0.02875	-1.31392e-08
0.05625	0.02875	-1.31152e-08
0.05875	0.02875	-1.30771e-08
0.06125	0.02875	-1.30321e-08
0.06375	0.02875	-1.29761e-08
0.06625	0.02875	-1.29161e-08
0.06875	0.02875	-1.28504e-08
0.07125	0.02875	-1.27834e-08
0.07375	0.02875	-1.27153e-08
0.07625	0.02875	-1.26489e-08
0.07875	0.02875	-1.25852e-08
0.08125	0.02875	-1.25256e-08
0.08375	0.02875	-1.24714e-08
0.08625	0.02875	-1.24233e-08
0.08875	0.02875	-1.23824e-08
0.09125	0.02875	-1.23488e-08
0.09375	0.02875	-1.23236e-08
0.09625	0.02875	-1.23064e-08
0.09875	0.02875	-1.22987e-08
0.00125	0.03125	-1.18824e-08
0.00375	0.03125	-1.18916e-08
0.00625	0.03125	-1.191e-08
0.00875	0.03125	-1.19371e-08
0.01125	0.03125	-1.1973e-08
0.01375	0.03125	-1.2017e-08
0.01625	0.03125	-1.20687e-08
0.01875	0.03125	-1.21273e-08
0.02125	0.03125	-1.21921e-08
0.02375	0.03125	-1.22616e-08
0.02625	0.03125	-1.23349e-08
0.02875	0.03125	-1.24102e-08
0.03125	0.03125	-1.2486e-08
0.03375	0.03125	-1.25602e-08
0.03625	0.03125	-1.263e-08
0.03875	0.03125	-1.26943e-08
0.04125	0.03125	-1.27489e-08
0.04375	0.03125	-1.27935e-08
0.04625	0.03125	-1.28238e-08
0.04875	0.03125	-1.284e-08
0.05125	0.03125	-1.284e-08
0.05375	0.03125	-1.28238e-08
0.05625	0.03125	-1.27935e-08
0.05875	0.03125	-1.27489e-08
0.06125	0.03125	-1.26943e-08
0.06375	0.03125	-1.263e-08
0.06625	0.03125	-1.25602e-08
0.06875	0.03125	-1.2486e-08
0.07125	0.03125	-1.24102e-08
0.07375	0.03125	-1.23349e-08
0.07625	0.03125	-1.22616e-08
0.07875	0.03125	-1.21921e-08
0.08125	0.03125	-1.21273e-08
0.08375	0.03125	-1.20687e-08
0.08625	0.03125	-1.2017e-08
0.08875	0.03125	-1.1973e-08
0.09125	0.03125	-1.19371e-08
0.09375	0.03125	-1.191e-08
0.09625	0.03125	-1.18916e-08
0.09875	0.03125	-1.18824e-08
0.00125	0.03375	-1.02196e-08
0.00375	0.03375	-1.02285e-08
0.00625	0.03375	-1.02479e-08
0.00875	0.03375	-1.02763e-08
0.01125	0.03375	-1.03145e-08
0.01375	0.03375	-1.03613e-08
0.01625	0.03375	-1.04168e-08
0.01875	0.03375	-1.04796e-08
0.02125	0.03375	-1.05497e-08
0.02375	0.03375	-1.06251e-08
0.02625	0.03375	-1.07051e-08
0.02875	0.03375	-1.07878e-08
0.03125	0.03375	-1.08702e-08
0.03375	0.03375	-1.0953e-08
0.03625	0.03375	-1.10279e-08
0.03875	0.03375	-1.11012e-08
0.04125	0.03375	-1.11574e-08
0.04375	0.03375	-1.12095e-08
0.04625	0.03375	-1.12387e-08
0.04875	0.03375	-1.12577e-08
0.05125	0.03375	-1.12577e-08
0.05375	0.03375	-1.12387e-08
0.05625	0.03375	-1.12095e-08
0.05875	0.03375	-1.11574e-08
0.06125	0.03375	-1.11012e-08
0.06375	0.03375	-1.10279e-08
0.06625	0.03375	-1.0953e-08
0.06875	0.03375	-1.08702e-08
0.07125	0.03375	-1.07878e-08
0.07375	0.03375	-1.07051e-08
0.07625	0.03375	-1.06251e-08
0.07875	0.03375	-1.05497e-08
0.08125	0.03375	-1.04796e-08
0.08375	0.03375	-1.04168e-08
0.08625	0.03375	-1.03613e-08
0.08875	0.03375	-1.03145e-08
0.09125	0.03375	-1.02763e-08
0.09375	0.03375	-1.02479e-08
0.09625	0.03375	-1.02285e-08
0.09875	0.03375	-1.02196e-08
0.00125	0.03625	-9.51753e-09
0.00375	0.03625	-9.52783e-09
0.00625	0.03625	-9.54868e-09
0.00875	0.03625	-9.57966e-09
0.01125	0.03625	-9.62093e-09
0.01375	0.03625	-9.67173e-09
0.01625	0.03625	-9.73234e-09
0.01875	0.03625	-9.80111e-09
0.02125	0.03625	-9.87884e-09
0.02375	0.03625	-9.96234e-09
0.02625	0.03625	-1.00532e-08
0.02875	0.03625	-1.01462e-08
0.03125	0.03625	-1.02434e-08
0.03375	0.03625	-1.03382e-08
0.03625	0.03625	-1.04318e-08
0.03875	0.03625	-1.05174e-08
0.04125	0.03625	-1.0594e-08
0.04375	0.03625	-1.06561e-08
0.04625	0.03625	-1.07003e-08
0.04875	0.03625	-1.07241e-08
0.05125	0.03625	-1.07241e-08
0.05375	0.03625	-1.07003e-08
0.05625	0.03625	-1.06561e-08
0.05875	0.03625	-1.0594e-08
0.06125	0.03625	-1.05174e-08
0.06375	0.03625	-1.04318e-08
0.06625	0.03625	-1.03382e-08
0.06875	0.03625	-1.02434e-08
0.07125	0.03625	-1.01462e-08
0.07375	0.03625	-1.00532e-08
0.07625	0.03625	-9.96234e-09
0.07875	0.03625	-9.87884e-09
0.08125	0.03625	-9.80111e-09
0.08375	0.03625	-9.73234e-09
0.08625	0.03625	-9.67173e-09
0.08875	0.03625	-9.62093e-09
0.09125	0.03625	-9.57966e-09
0.09375	0.03625	-9.54868e-09
0.09625	0.03625	-9.52783e-09
0.09875	0.03625	-9.51753e-09
0.00125	0.03875	-8.05282e-09
0.00375	0.03875	-8.06317e-09
0.00625	0.03875	-8.08544e-09
0.00875	0.03875	-8.11833e-09
0.01125	0.03875	-8.16275e-09
0.01375	0.03875	-8.2174e-09
0.01625	0.03875	-8.28334e-09
0.01875	0.03875	-8.35816e-09
0.02125	0.03875	-8.44374e-09
0.02375	0.03875	-8.53588e-09
0.02625	0.03875	-8.63666e-09
0.02875	0.03875	-8.74146e-09
0.03125	0.03875	-8.84859e-09
0.03375	0.03875	-8.95888e-09
0.03625	0.03875	-9.05768e-09
0.03875	0.03875	-9.16206e-09
0.04125	0.03875	-9.23465e-09
0.04375	0.03875	-9.31445e-09
0.04625	0.03875	-9.34909e-09
0.04875	0.03875	-9.37919e-09
0.05125	0.03875	-9.37919e-09
0.05375	0.03875	-9.34909e-09
0.05625	0.03875	-9.31445e-09
0.05875	0.03875	-9.23465e-09
0.06125	0.03875	-9.16206e-09
0.06375	0.03875	-9.05768e-09
0.06625	0.03875	-8.95888e-09
0.06875	0.03875	-8.84859e-09
0.07125	0.03875	-8.74146e-09
0.07375	0.03875	-8.63666e-09
0.07625	0.03875	-8.53588e-09
0.07875	0.03875	-8.44374e-09
0.08125	0.03875	-8.35816e-09
0.08375	0.03875	-8.28334e-09
0.08625	0.03875	-8.2174e-09
0.08875	0.03875	-8.16275e-09
0.09125	0.03875	-8.11833e-09
0.09375	0.03875	-8.08544e-09
0.09625	0.03875	-8.06317e-09
0.09875	0.03875	-8.05282e-09
0.00125	0.04125	-7.15276e-09
0.00375	0.04125	-7.16433e-09
0.00625	0.04125	-7.18823e-09
0.00875	0.04125	-7.22375e-09
0.01125	0.04125	-7.27172e-09
0.01375	0.04125	-7.33083e-09
0.01625	0.04125	-7.40294e-09
0.01875	0.04125	-7.48455e-09
0.02125	0.04125	-7.58011e-09
0.02375	0.04125	-7.68177e-09
0.02625	0.04125	-7.79829e-09
0.02875	0.04125	-7.91518e-09
0.03125	0.04125	-8.04671e-09
0.03375	0.04125	-8.17045e-09
0.03625	0.04125	-8.30562e-09
0.03875	0.04125	-8.42275e-09
0.04125	0.04125	-8.54189e-09
0.04375	0.04125	-8.63284e-09
0.04625	0.04125	-8.70695e-09
0.04875	0.04125	-8.74586e-09
0.05125	0.04125	-8.74586e-09
0.05375	0.04125	-8.70695e-09
0.05625	0.04125	-8.63284e-09
0.05875	0.04125	-8.54189e-09
0.06125	0.04125	-8.42275e-09
0.06375	0.04125	-8.30562e-09
0.06625	0.04125	-8.17045e-09
0.06875	0.04125	-8.04671e-09
0.07125	0.04125	-7.91518e-09
0.07375	0.04125	-7.79829e-09
0.07625	0.04125	-7.68177e-09
0.07875	0.04125	-7.58011e-09
0.08125	0.04125	-7.48455e-09
0.08375	0.04125	-7.40294e-09
0.08625	0.04125	-7.33083e-09
0.08875	0.04125	-7.27172e-09
0.09125	0.04125	-7.22375e-09
0.09375	0.04125	-7.18823e-09
0.09625	0.04125	-7.16433e-09
0.09875	0.04125	-7.15276e-09
0.00125	0.04375	-5.80521e-09
0.00375	0.04375	-5.81714e-09
0.00625	0.04375	-5.84266e-09
0.00875	0.04375	-5.88043e-09
0.01125	0.04375	-5.93215e-09
0.01375	0.04375	-5.99575e-09
0.01625	0.04375	-6.07459e-09
0.01875	0.04375	-6.1636e-09
0.02125	0.04375	-6.2697e-09
0.02375	0.04375	-6.38277e-09
0.02625	0.04375	-6.5132e-09
0.02875	0.04375	-6.6477e-09
0.03125	0.04375	-6.79216e-09
0.03375	0.04375	-6.94376e-09
0.03625	0.04375	-7.07956e-09
0.03875	0.04375	-7.2385e-09
0.04125	0.04375	-7.33221e-09
0.04375	0.04375	-7.47037e-09
0.04625	0.04375	-7.50136e-09
0.04875	0.04375	-7.55568e-09
0.05125	0.04375	-7.55568e-09
0.05375	0.04375	-7.50136e-09
0.05625	0.04375	-7.47037e-09
0.05875	0.04375	-7.33221e-09
0.06125	0.04375	-7.2385e-09
0.06375	0.04375	-7.07956e-09
0.06625	0.04375	-6.94376e-09
0.06875	0.04375	-6.79216e-09
0.07125	0.04375	-6.6477e-09
0.07375	0.04375	-6.5132e-09
0.07625	0.04375	-6.38277e-09
0.07875	0.04375	-6.2697e-09
0.08125	0.04375	-6.1636e-09
0.08375	0.04375	-6.07459e-09
0.08625	0.04375	-5.99575e-09
0.08875	0.04375	-5.93215e-09
0.09125	0.04375	-5.88043e-09
0.09375	0.04375	-5.84266e-09
0.09625	0.04375	-5.81714e-09
0.09875	0.04375	-5.80521e-09
0.00125	0.04625	-4.77047e-09
0.00375	0.04625	-4.78333e-09
0.00625	0.04625	-4.81035e-09
0.00875	0.04625	-4.85041e-09
0.01125	0.04625	-4.90561e-09
0.01375	0.04625	-4.9733e-09
0.01625	0.04625	-5.05874e-09
0.01875	0.04625	-5.15413e-09
0.02125	0.04625	-5.27221e-09
0.02375	0.04625	-5.39406e-09
0.02625	0.04625	-5.54626e-09
0.02875	0.04625	-5.69053e-09
0.03125	0.04625	-5.87508e-09
0.03375	0.04625	-6.03318e-09
0.03625	0.04625	-6.24084e-09
0.03875	0.04625	-6.39806e-09
0.04125	0.04625	-6.60259e-09
0.04375	0.04625	-6.7375e-09
0.04625	0.04625	-6.88125e-09
0.04875	0.04625	-6.95712e-09
0.05125	0.04625	-6.95712e-09
0.05375	0.04625	-6.88125e-09
0.05625	0.04625	-6.7375e-09
0.05875	0.04625	-6.60259e-09
0.06125	0.04625	-6.39806e-09
0.06375	0.04625	-6.24084e-09
0.06625	0.04625	-6.03318e-09
0.06875	0.04625	-5.87508e-09
0.07125	0.04625	-5.69053e-09
0.07375	0.04625	-5.54626e-09
0.07625	0.04625	-5.39406e-09
0.07875	0.04625	-5.27221e-09
0.08125	0.04625	-5.15413e-09
0.08375	0.04625	-5.05874e-09
0.08625	0.04625	-4.9733e-09
0.08875	0.04625	-4.90561e-09
0.09125	0.04625	-4.85041e-09
0.09375	0.04625	-4.81035e-09
0.09625	0.04625	-4.78333e-09
0.09875	0.04625	-4.77047e-09
0.00125	0.04875	-3.48092e-09
0.00375	0.04875	-3.49418e-09
0.00625	0.04875	-3.52266e-09
0.00875	0.04875	-3.56472e-09
0.01125	0.04875	-3.62362e-09
0.01375	0.04875	-3.69556e-09
0.01625	0.04875	-3.7884e-09
0.01875	0.04875	-3.89155e-09
0.02125	0.04875	-4.0225e-09
0.02375	0.04875	-4.15808e-09
0.02625	0.04875	-4.32862e-09
0.02875	0.04875	-4.49831e-09
0.03125	0.04875	-4.69904e-09
0.03375	0.04875	-4.90736e-09
0.03625	0.04875	-5.10352e-09
0.03875	0.04875	-5.35666e-09
0.04125	0.04875	-5.4765e-09
0.04375	0.04875	-5.74977e-09
0.04625	0.04875	-5.73106e-09
0.04875	0.04875	-5.84106e-09
0.05125	0.04875	-5.84106e-09
0.05375	0.04875	-5.73106e-09
0.05625	0.04875	-5.74977e-09
0.05875	0.04875	-5.4765e-09
0.06125	0.04875	-5.35666e-09
0.06375	0.04875	-5.10352e-09
0.06625	0.04875	-4.90736e-09
0.06875	0.04875	-4.69904e-09
0.07125	0.04875	-4.49831e-09
0.07375	0.04875	-4.32862e-09
0.07625	0.04875	-4.15808e-09
0.07875	0.04875	-4.0225e-09
0.08125	0.04875	-3.89155e-09
0.08375	0.04875	-3.7884e-09
0.08625	0.04875	-3.69556e-09
0.08875	0.04875	-3.62362e-09
0.09125	0.04875	-3.56472e-09
0.09375	0.04875	-3.52266e-09
0.09625	0.04875	-3.49418e-09
0.09875	0.04875	-3.48092e-09
0.00125	0.05125	-2.35551e-09
0.00375	0.05125	-2.36929e-09
0.00625	0.05125	-2.39879e-09
0.00875	0.05125	-2.44222e-09
0.01125	0.05125	-2.50379e-09
0.01375	0.05125	-2.5783e-09
0.01625	0.05125	-2.67711e-09
0.01875	0.05125	-2.78425e-09
0.02125	0.05125	-2.92803e-09
0.02375	0.05125	-3.06795e-09
0.02625	0.05125	-3.26633e-09
0.02875	0.05125	-3.43547e-09
0.03125	0.05125	-3.69815e-09
0.03375	0.05125	-3.88657e-09
0.03625	0.05125	-4.21805e-09
0.03875	0.05125	-4.41031e-09
0.04125	0.05125	-4.7902e-09
0.04375	0.05125	-4.97877e-09
0.04625	0.05125	-5.30199e-09
0.04875	0.05125	-5.49874e-09
0.05125	0.05125	-5.49874e-09
0.05375	0.05125	-5.30199e-09
0.05625	0.05125	-4.97877e-09
0.05875	0.05125	-4.7902e-09
0.06125	0.05125	-4.41031e-09
0.06375	0.05125	-4.21805e-09
0.06625	0.05125	-3.88657e-09
0.06875	0.05125	-3.69815e-09
0.07125	0.05125	-3.43547e-09
0.07375	0.05125	-3.26633e-09
0.07625	0.05125	-3.06795e-09
0.07875	0.05125	-2.92803e-09
0.08125	0.05125	-2.78425e-09
0.08375	0.05125	-2.67711e-09
0.08625	0.05125	-2.5783e-09
0.08875	0.05125	-2.50379e-09
0.09125	0.05125	-2.44222e-09
0.09375	0.05125	-2.39879e-09
0.09625	0.05125	-2.36929e-09
0.09875	0.05125	-2.35551e-09
0.00125	0.05375	-1.08217e-09
0.00375	0.05375	-1.09603e-09
0.00625	0.05375	-1.1262e-09
0.00875	0.05375	-1.17049e-09
0.01125	0.05375	-1.2344e-09
0.01375	0.05375	-1.31153e-09
0.01625	0.05375	-1.41649e-09
0.01875	0.05375	-1.53008e-09
0.02125	0.05375	-1.68701e-09
0.02375	0.05375	-1.84154e-09
0.02625	0.05375	-2.06222e-09
0.02875	0.05375	-2.26483e-09
0.03125	0.05375	-2.5507e-09
0.03375	0.05375	-2.82054e-09
0.03625	0.05375	-3.13045e-09
0.03875	0.05375	-3.52617e-09
0.04125	0.05375	-3.70303e-09
0.04375	0.05375	-4.32814e-09
0.04625	0.05375	-4.06379e-09
0.04875	0.05375	-4.30379e-09
0.05125	0.05375	-4.30379e-09
0.05375	0.05375	-4.06379e-09
0.05625	0.05375	-4.32814e-09
0.05875	0.05375	-3.70303e-09
0.06125	0.05375	-3.52617e-09
0.06375	0.05375	-3.13045e-09
0.06625	0.05375	-2.82054e-09
0.06875	0.05375	-2.5507e-09
0.07125	0.05375	-2.26483e-09
0.07375	0.05375	-2.06222e-09
0.07625	0.05375	-1.84154e-09
0.07875	0.05375	-1.68701e-09
0.08125	0.05375	-1.53008e-09
0.08375	0.05375	-1.41649e-09
0.08625	0.05375	-1.31153e-09
0.08875	0.05375	-1.2344e-09
0.09125	0.05375	-1.17049e-09
0.09375	0.05375	-1.1262e-09
0.09625	0.05375	-1.09603e-09
0.09875	0.05375	-1.08217e-09
0.00125	0.05625	1.02925e-10
0.00375	0.05625	8.9096e-11
0.00625	0.05625	5.88024e-11
0.00875	0.05625	1.48031e-11
0.01125	0.05625	-5.01562e-11
0.01375	0.05625	-1.2689e-10
0.01625	0.05625	-2.35888e-10
0.01875	0.05625	-3.48466e-10
0.02125	0.05625	-5.17071e-10
0.02375	0.05625	-6.66871e-10
0.02625	0.05625	-9.18158e-10
0.02875	0.05625	-1.10071e-09
0.03125	0.05625	-1.46671e-09
0.03375	0.05625	-1.66493e-09
0.03625	0.05625	-2.18893e-09
0.03875	0.05625	-2.36943e-09
0.04125	0.05625	-3.09915e-09
0.04375	0.05625	-3.26436e-09
0.04625	0.05625	-4.10017e-09
0.04875	0.05625	-4.81356e-09
0.05125	0.05625	-4.81356e-09
0.05375	0.05625	-4.10017e-09
0.05625	0.05625	-3.26436e-09
0.05875	0.05625	-3.09915e-09
0.06125	0.05625	-2.36943e-09
0.06375	0.05625	-2.18893e-09
0.06625	0.05625	-1.66493e-09
0.06875	0.05625	-1.46671e-09
0.07125	0.05625	-1.10071e-09
0.07375	0.05625	-9.18158e-10
0.07625	0.05625	-6.66871e-10
0.07875	0.05625	-5.17071e-10
0.08125	0.05625	-3.48466e-10
0.08375	0.05625	-2.35888e-10
0.08625	0.05625	-1.2689e-10
0.08875	0.05625	-5.01562e-11
0.09125	0.05625	1.48031e-11
0.09375	0.05625	5.88024e-11
0.09625	0.05625	8.9096e-11
0.09875	0.05625	1.02925e-10
0.00125	0.05875	1.38907e-09
0.00375	0.05875	1.37587e-09
0.00625	0.05875	1.34665e-09
0.00875	0.05875	1.30403e-09
0.01125	0.05875	1.24038e-09
0.01375	0.05875	1.16429e-09
0.01625	0.05875	1.05482e-09
0.01875	0.05875	9.3882e-10
0.02125	0.05875	7.63841e-10
0.02375	0.05875	5.99943e-10
0.02625	0.05875	3.29503e-10
0.02875	0.05875	1.09186e-10
0.03125	0.05875	-2.94523e-10
0.03375	0.05875	-5.86771e-10
0.03625	0.05875	-1.13896e-09
0.03875	0.05875	-1.61535e-09
0.04125	0.05875	-2.10393e-09
0.04375	0.05875	-3.79327e-09
0.04625	0.05875	-2.42653e-09
0.04875	0.05875	-2.95694e-09
0.05125	0.05875	-2.95694e-09
0.05375	0.05875	-2.42653e-09
0.05625	0.05875	-3.79327e-09
0.05875	0.05875	-2.10393e-09
0.06125	0.05875	-1.61535e-09
0.06375	0.05875	-1.13896e-09
0.06625	0.05875	-5.86771e-10
0.06875	0.05875	-2.94523e-10
0.07125	0.05875	1.09186e-10
0.07375	0.05875	3.29503e-10
0.07625	0.05875	5.99943e-10
0.07875	0.05875	7.63841e-10
0.08125	0.05875	9.3882e-10
0.08375	0.05875	1.05482e-09
0.08625	0.05875	1.16429e-09
0.08875	0.05875	1.24038e-09
0.09125	0.05875	1.30403e-09
0.09375	0.05875	1.34665e-09
0.09625	0.05875	1.37587e-09
0.09875	0.05875	1.38907e-09
0.00125	0.06125	2.60906e-09
0.00375	0.06125	2.59665e-09
0.00625	0.06125	2.5685e-09
0.00875	0.06125	2.52865e-09
0.01125	0.06125	2.46609e-09
0.01375	0.06125	2.39523e-09
0.01625	0.06125	2.28412e-09
0.01875	0.06125	2.17769e-09
0.02125	0.06125	1.99274e-09
0.02375	0.06125	1.84817e-09
0.02625	0.06125	1.54876e-09
0.02875	0.06125	1.3711e-09
0.03125	0.06125	8.96765e-10
0.03375	0.06125	7.12841e-10
0.03625	0.06125	-3.63289e-11
0.03875	0.06125	-1.16774e-10
0.04125	0.06125	-1.43884e-09
0.04375	0.06125	-8.26914e-10
0.04625	0.06125	-3.29787e-09
0.04875	0.06125	-6.70898e-09
0.05125	0.06125	-6.70898e-09
0.05375	0.06125	-3.29787e-09
0.05625	0.06125	-8.26914e-10
0.05875	0.06125	-1.43884e-09
0.06125	0.06125	-1.16774e-10
0.06375	0.06125	-3.63289e-11
0.06625	0.06125	7.12841e-10
0.06875	0.06125	8.96765e-10
0.07125	0.06125	1.3711e-09
0.07375	0.06125	1.54876e-09
0.07625	0.06125	1.84817e-09
0.07875	0.06125	1.99274e-09
0.08125	0.06125	2.17769e-09
0.08375	0.06125	2.28412e-09
0.08625	0.06125	2.39523e-09
0.08875	0.06125	2.46609e-09
0.09125	0.06125	2.52865e-09
0.09375	0.06125	2.5685e-09
0.09625	0.06125	2.59665e-09
0.09875	0.06125	2.60906e-09
0.00125	0.06375	3.92851e-09
0.00375	0.06375	3.91783e-09
0.00625	0.06375	3.89368e-09
0.00875	0.06375	3.85845e-09
0.01125	0.06375	3.80418e-09
0.01375	0.06375	3.73849e-09
0.01625	0.06375	3.64054e-09
0.01875	0.06375	3.53367e-09
0.02125	0.06375	3.36677e-09
0.02375	0.06375	3.2034e-09
0.02625	0.06375	2.92086e-09
0.02875	0.06375	2.6911e-09
0.03125	0.06375	2.19521e-09
0.03375	0.06375	1.96889e-09
0.03625	0.06375	9.88406e-10
0.03875	0.06375	1.38205e-09
0.04125	0.06375	-1.13365e-09
0.04375	0.06375	-6.84465e-09
0.04625	0.06375	-5.86612e-08
0.04875	0.06375	-1.1075e-07
0.05125	0.06375	-1.1075e-07
0.05375	0.06375	-5.86612e-08
0.05625	0.06375	-6.84465e-09
0.05875	0.06375	-1.13365e-09
0.06125	0.06375	1.38205e-09
0.06375	0.06375	9.88406e-10
0.06625	0.06375	1.96889e-09
0.06875	0.06375	2.19521e-09
0.07125	0.06375	2.6911e-09
0.07375	0.06375	2.92086e-09
0.07625	0.06375	3.2034e-09
0.07875	0.06375	3.36677e-09
0.08125	0.06375	3.53367e-09
0.08375	0.06375	3.64054e-09
0.08625	0.06375	3.73849e-09
0.08875	0.06375	3.80418e-09
0.09125	0.06375	3.85845e-09
0.09375	0.06375	3.89368e-09
0.09625	0.06375	3.91783e-09
0.09875	0.06375	3.92851e-09
0.00125	0.06625	5.1581e-09
0.00375	0.06625	5.14915e-09
0.00625	0.06625	5.12738e-09
0.00875	0.06625	5.09828e-09
0.01125	0.06625	5.04712e-09
0.01375	0.06625	4.99379e-09
0.01625	0.06625	4.89491e-09
0.01875	0.06625	4.81215e-09
0.02125	0.06625	4.62982e-09
0.02375	0.06625	4.51418e-09
0.02625	0.06625	4.18685e-09
0.02875	0.06625	4.03895e-09
0.03125	0.06625	3.48421e-09
0.03375	0.06625	3.29506e-09
0.03625	0.06625	2.49876e-09
0.03875	0.06625	2.10329e-09
0.04125	0.06625	-2.81333e-08
0.04375	0.06625	-1.23253e-07
0.04625	0.06625	-1.95387e-09
0.04875	0.06625	-1.91193e-08
0.05125	0.06625	-1.91193e-08
0.05375	0.06625	-1.95387e-09
0.05625	0.06625	-1.23253e-07
0.05875	0.06625	-2.81333e-08
0.06125	0.06625	2.10329e-09
0.06375	0.06625	2.49876e-09
0.06625	0.06625	3.29506e-09
0.06875	0.06625	3.48421e-09
0.07125	0.06625	4.03895e-09
0.07375	0.06625	4.18685e-09
0.07625	0.06625	4.51418e-09
0.07875	0.06625	4.62982e-09
0.08125	0.06625	4.81215e-09
0.08375	0.06625	4.89491e-09
0.08625	0.06625	4.99379e-09
0.08875	0.06625	5.04712e-09
0.09125	0.06625	5.09828e-09
0.09375	0.06625	5.12738e-09
0.09625	0.06625	5.14915e-09
0.09875	0.06625	5.1581e-09
0.00125	0.06875	6.5266e-09
0.00375	0.06875	6.52072e-09
0.00625	0.06875	6.50672e-09
0.00875	0.06875	6.48619e-09
0.01125	0.06875	6.4531e-09
0.01375	0.06875	6.41052e-09
0.01625	0.06875	6.3471e-09
0.01875	0.06875	6.26595e-09
0.02125	0.06875	6.15278e-09
0.02375	0.06875	5.99645e-09
0.02625	0.06875	5.80458e-09
0.02875	0.06875	5.47979e-09
0.03125	0.06875	5.18199e-09
0.03375	0.06875	4.37902e-09
0.03625	0.06875	4.05425e-09
0.03875	0.06875	1.52742e-09
0.04125	0.06875	2.83512e-09
0.04375	0.06875	8.99698e-09
0.04625	0.06875	-1.34664e-08
0.04875	0.06875	-2.32353e-08
0.05125	0.06875	-2.32353e-08
0.05375	0.06875	-1.34664e-08
0.05625	0.06875	8.99698e-09
0.05875	0.06875	2.83512e-09
0.06125	0.06875	1.52742e-09
0.06375	0.06875	4.05425e-09
0.06625	0.06875	4.37902e-09
0.06875	0.06875	5.18199e-09
0.07125	0.06875	5.47979e-09
0.07375	0.06875	5.80458e-09
0.07625	0.06875	5.99645e-09
0.07875	0.06875	6.15278e-09
0.08125	0.06875	6.26595e-09
0.08375	0.06875	6.3471e-09
0.08625	0.06875	6.41052e-09
0.08875	0.06875	6.4531e-09
0.09125	0.06875	6.48619e-09
0.09375	0.06875	6.50672e-09
0.09625	0.06875	6.52072e-09
0.09875	0.06875	6.5266e-09
0.00125	0.07125	7.73427e-09
0.00375	0.07125	7.73106e-09
0.00625	0.07125	7.72098e-09
0.00875	0.07125	7.71014e-09
0.01125	0.07125	7.68257e-09
0.01375	0.07125	7.66056e-09
0.01625	0.07125	7.59605e-09
0.01875	0.07125	7.55895e-09
0.02125	0.07125	7.41332e-09
0.02375	0.07125	7.36204e-09
0.02625	0.07125	7.03732e-09
0.02875	0.07125	6.99173e-09
0.03125	0.07125	6.27193e-09
0.03375	0.07125	6.3217e-09
0.03625	0.07125	4.71331e-09
0.03875	0.07125	-2.42289e-08
0.04125	0.07125	6.96176e-09
0.04375	0.07125	-3.26487e-08
0.04625	0.07125	9.61214e-10
0.04875	0.07125	-1.00412e-08
0.05125	0.07125	-1.00412e-08
0.05375	0.07125	9.61214e-10
0.05625	0.07125	-3.26487e-08
0.05875	0.07125	6.96176e-09
0.06125	0.07125	-2.42289e-08
0.06375	0.07125	4.71331e-09
0.06625	0.07125	6.3217e-09
0.06875	0.07125	6.27193e-09
0.07125	0.07125	6.99173e-09
0.07375	0.07125	7.03732e-09
0.07625	0.07125	7.36204e-09
0.07875	0.07125	7.41332e-09
0.08125	0.07125	7.55895e-09
0.08375	0.07125	7.59605e-09
0.08625	0.07125	7.66056e-09
0.08875	0.07125	7.68257e-09
0.09125	0.07125	7.71014e-09
0.09375	0.07125	7.72098e-09
0.09625	0.07125	7.73106e-09
0.09875	0.07125	7.73427e-09
0.00125	0.07375	9.16597e-09
0.00375	0.07375	9.16723e-09
0.00625	0.07375	9.16805e-09
0.00875	0.07375	9.1702e-09
0.01125	0.07375	9.16892e-09
0.01375	0.07375	9.16617e-09
0.01625	0.07375	9.15658e-09
0.01875	0.07375	9.13564e-09
0.02125	0.07375	9.10776e-09
0.02375	0.07375	9.04218e-09
0.02625	0.07375	8.98171e-09
0.02875	0.07375	8.83096e-09
0.03125	0.07375	8.72304e-09
0.03375	0.07375	8.48485e-09
0.03625	0.07375	8.37053e-09
0.03875	0.07375	8.47123e-09
0.04125	0.07375	7.32866e-09
0.04375	0.07375	1.32548e-08
0.04625	0.07375	-1.4188e-10
0.04875	0.07375	1.01174e-10
0.05125	0.07375	1.01174e-10
0.05375	0.07375	-1.4188e-10
0.05625	0.07375	1.32548e-08
0.05875	0.07375	7.32866e-09
0.06125	0.07375	8.47123e-09
0.06375	0.07375	8.37053e-09
0.06625	0.07375	8.48485e-09
0.06875	0.07375	8.72304e-09
0.07125	0.07375	8.83096e-09
0.07375	0.07375	8.98171e-09
0.07625	0.07375	9.04218e-09
0.07875	0.07375	9.10776e-09
0.08125	0.07375	9.13564e-09
0.08375	0.07375	9.15658e-09
0.08625	0.07375	9.16617e-09
0.08875	0.07375	9.16892e-09
0.09125	0.07375	9.1702e-09
0.09375	0.07375	9.16805e-09
0.09625	0.07375	9.16723e-09
0.09875	0.07375	9.16597e-09
0.00125	0.07625	1.03101e-08
0.00375	0.07625	1.03146e-08
0.00625	0.07625	1.03216e-08
0.00875	0.07625	1.03354e-08
0.01125	0.07625	1.03454e-08
0.01375	0.07625	1.03663e-08
0.01625	0.07625	1.03676e-08
0.01875	0.07625	1.03923e-08
0.02125	0.07625	1.03548e-08
0.02375	0.07625	1.03806e-08
0.02625	0.07625	1.02225e-08
0.02875	0.07625	1.02393e-08
0.03125	0.07625	9.73056e-09
0.03375	0.07625	9.62931e-09
0.03625	0.07625	8.09152e-09
0.03875	0.07625	9.20252e-09
0.04125	0.07625	6.41529e-09
0.04375	0.07625	-5.85518e-09
0.04625	0.07625	1.15483e-08
0.04875	0.07625	8.40229e-09
0.05125	0.07625	8.40229e-09
0.05375	0.07625	1.15483e-08
0.05625	0.07625	-5.85518e-09
0.05875	0.07625	6.41529e-09
0.06125	0.07625	9.20252e-09
0.06375	0.07625	8.09152e-09
0.06625	0.07625	9.62931e-09
0.06875	0.07625	9.73056e-09
0.07125	0.07625	1.02393e-08
0.07375	0.07625	1.02225e-08
0.07625	0.07625	1.03806e-08
0.07875	0.07625	1.03548e-08
0.08125	0.07625	1.03923e-08
0.08375	0.07625	1.03676e-08
0.08625	0.07625	1.03663e-08
0.08875	0.07625	1.03454e-08
0.09125	0.07625	1.03354e-08
0.09375	0.07625	1.03216e-08
0.09625	0.07625	1.03146e-08
0.09875	0.07625	1.03101e-08
0.00125	0.07875	1.18206e-08
0.00375	0.07875	1.18306e-08
0.00625	0.07875	1.18492e-08
0.00875	0.07875	1.18797e-08
0.01125	0.07875	1.19166e-08
0.01375	0.07875	1.19659e-08
0.01625	0.07875	1.20208e-08
0.01875	0.07875	1.20838e-08
0.02125	0.07875	1.21547e-08
0.02375	0.07875	1.22205e-08
0.02625	0.07875	1.22919e-08
0.02875	0.07875	1.23496e-08
0.03125	0.07875	1.23086e-08
0.03375	0.07875	1.24227e-08
0.03625	0.07875	1.14124e-08
0.03875	0.07875	3.08394e-08
0.04125	0.07875	1.51625e-08
0.04375	0.07875	4.06644e-08
0.04625	0.07875	2.77785e-09
0.04875	0.07875	1.06045e-08
0.05125	0.07875	1.06045e-08
0.05375	0.07875	2.77785e-09
0.05625	0.07875	4.06644e-08
0.05875	0.07875	1.51625e-08
0.06125	0.07875	3.08394e-08
0.06375	0.07875	1.14124e-08
0.06625	0.07875	1.24227e-08
0.06875	0.07875	1.23086e-08
0.07125	0.07875	1.23496e-08
0.07375	0.07875	1.22919e-08
0.07625	0.07875	1.22205e-08
0.07875	0.07875	1.21547e-08
0.08125	0.07875	1.20838e-08
0.08375	0.07875	1.20208e-08
0.08625	0.07875	1.19659e-08
0.08875	0.07875	1.19166e-08
0.09125	0.07875	1.18797e-08
0.09375	0.07875	1.18492e-08
0.09625	0.07875	1.18306e-08
0.09875	0.07875	1.18206e-08
0.00125	0.08125	1.28481e-08
0.00375	0.08125	1.28613e-08
0.00625	0.08125	1.28885e-08
0.00875	0.08125	1.29307e-08
0.01125	0.08125	1.29868e-08
0.01375	0.08125	1.30579e-08
0.01625	0.08125	1.31478e-08
0.01875	0.08125	1.32476e-08
0.02125	0.08125	1.33829e-08
0.02375	0.08125	1.35143e-08
0.02625	0.08125	1.37239e-08
0.02875	0.08125	1.39108e-08
0.03125	0.08125	1.42781e-08
0.03375	0.08125	1.46464e-08
0.03625	0.08125	1.57097e-08
0.03875	0.08125	1.89474e-08
0.04125	0.08125	-1.14764e-09
0.04375	0.08125	-1.50576e-08
0.04625	0.08125	3.41639e-08
0.04875	0.08125	3.84307e-08
0.05125	0.08125	3.84307e-08
0.05375	0.08125	3.41639e-08
0.05625	0.08125	-1.50576e-08
0.05875	0.08125	-1.14764e-09
0.06125	0.08125	1.89474e-08
0.06375	0.08125	1.57097e-08
0.06625	0.08125	1.46464e-08
0.06875	0.08125	1.42781e-08
0.07125	0.08125	1.39108e-08
0.07375	0.08125	1.37239e-08
0.07625	0.08125	1.35143e-08
0.07875	0.08125	1.33829e-08
0.08125	0.08125	1.32476e-08
0.08375	0.08125	1.31478e-08
0.08625	0.08125	1.30579e-08
0.08875	0.08125	1.29868e-08
0.09125	0.08125	1.29307e-08
0.09375	0.08125	1.28885e-08
0.09625	0.08125	1.28613e-08
0.09875	0.08125	1.28481e-08
0.00125	0.08375	1.44574e-08
0.00375	0.08375	1.44765e-08
0.00625	0.08375	1.45134e-08
0.00875	0.08375	1.45732e-08
0.01125	0.08375	1.46497e-08
0.01375	0.08375	1.47533e-08
0.01625	0.08375	1.48768e-08
0.01875	0.08375	1.50275e-08
0.02125	0.08375	1.52161e-08
0.02375	0.08375	1.54102e-08
0.02625	0.08375	1.57183e-08
0.02875	0.08375	1.5911e-08
0.03125	0.08375	1.65344e-08
0.03375	0.08375	1.64859e-08
0.03625	0.08375	1.83188e-08
0.03875	0.08375	1.81836e-08
0.04125	0.08375	4.07892e-08
0.04375	0.08375	1.17541e-07
0.04625	0.08375	-2.10435e-08
0.04875	0.08375	-3.12377e-09
0.05125	0.08375	-3.12377e-09
0.05375	0.08375	-2.10435e-08
0.05625	0.08375	1.17541e-07
0.05875	0.08375	4.07892e-08
0.06125	0.08375	1.81836e-08
0.06375	0.08375	1.83188e-08
0.06625	0.08375	1.64859e-08
0.06875	0.08375	1.65344e-08
0.07125	0.08375	1.5911e-08
0.07375	0.08375	1.57183e-08
0.07625	0.08375	1.54102e-08
0.07875	0.08375	1.52161e-08
0.08125	0.08375	1.50275e-08
0.08375	0.08375	1.48768e-08
0.08625	0.08375	1.47533e-08
0.08875	0.08375	1.46497e-08
0.09125	0.08375	1.45732e-08
0.09375	0.08375	1.45134e-08
0.09625	0.08375	1.44765e-08
0.09875	0.08375	1.44574e-08
0.00125	0.08625	1.53068e-08
0.00375	0.08625	1.53285e-08
0.00625	0.08625	1.53743e-08
0.00875	0.08625	1.54442e-08
0.01125	0.08625	1.5542e-08
0.01375	0.08625	1.56632e-08
0.01625	0.08625	1.5828e-08
0.01875	0.08625	1.6006e-08
0.02125	0.08625	1.627e-08
0.02375	0.08625	1.65143e-08
0.02625	0.08625	1.69416e-08
0.02875	0.08625	1.7274e-08
0.03125	0.08625	1.7991e-08
0.03375	0.08625	1.84511e-08
0.03625	0.08625	1.97449e-08
0.03875	0.08625	2.07946e-08
0.04125	0.08625	2.96038e-08
0.04375	0.08625	5.10354e-08
0.04625	0.08625	9.87618e-08
0.04875	0.08625	1.31708e-07
0.05125	0.08625	1.31708e-07
0.05375	0.08625	9.87618e-08
0.05625	0.08625	5.10354e-08
0.05875	0.08625	2.96038e-08
0.06125	0.08625	2.07946e-08
0.06375	0.08625	1.97449e-08
0.06625	0.08625	1.84511e-08
0.06875	0.08625	1.7991e-08
0.07125	0.08625	1.7274e-08
0.07375	0.08625	1.69416e-08
0.07625	0.08625	1.65143e-08
0.07875	0.08625	1.627e-08
0.08125	0.08625	1.6006e-08
0.08375	0.08625	1.5828e-08
0.08625	0.08625	1.56632e-08
0.08875	0.08625	1.5542e-08
0.09125	0.08625	1.54442e-08
0.09375	0.08625	1.53743e-08
0.09625	0.08625	1.53285e-08
0.09875	0.08625	1.53068e-08
0.00125	0.08875	1.704e-08
0.00375	0.08875	1.70669e-08
0.00625	0.08875	1.71197e-08
0.00875	0.08875	1.72046e-08
0.01125	0.08875	1.73152e-08
0.01375	0.08875	1.7465e-08
0.01625	0.08875	1.76454e-08
0.01875	0.08875	1.78713e-08
0.02125	0.08875	1.81463e-08
0.02375	0.08875	1.8462e-08
0.02625	0.08875	1.88869e-08
0.02875	0.08875	1.93e-08
0.03125	0.08875	2.00031e-08
0.03375	0.08875	2.05121e-08
0.03625	0.08875	2.17403e-08
0.03875	0.08875	2.25002e-08
0.04125	0.08875	2.44793e-08
0.04375	0.08875	2.93651e-08
0.04625	0.08875	3.87529e-08
0.04875	0.08875	4.94053e-08
0.05125	0.08875	4.94053e-08
0.05375	0.08875	3.87529e-08
0.05625	0.08875	2.93651e-08
0.05875	0.08875	2.44793e-08
0.06125	0.08875	2.25002e-08
0.06375	0.08875	2.17403e-08
0.06625	0.08875	2.05121e-08
0.06875	0.08875	2.00031e-08
0.07125	0.08875	1.93e-08
0.07375	0.08875	1.88869e-08
0.07625	0.08875	1.8462e-08
0.07875	0.08875	1.81463e-08
0.08125	0.08875	1.78713e-08
0.08375	0.08875	1.76454e-08
0.08625	0.08875	1.7465e-08
0.08875	0.08875	1.73152e-08
0.09125	0.08875	1.72046e-08
0.09375	0.08875	1.71197e-08
0.09625	0.08875	1.70669e-08
0.09875	0.08875	1.704e-08
0.00125	0.09125	1.76497e-08
0.00375	0.09125	1.7678e-08
0.00625	0.09125	1.77377e-08
0.00875	0.09125	1.78297e-08
0.01125	0.09125	1.79569e-08
0.01375	0.09125	1.81186e-08
0.01625	0.09125	1.83309e-08
0.01875	0.09125	1.85727e-08
0.02125	0.09125	1.89032e-08
0.02375	0.09125	1.92402e-08
0.02625	0.09125	1.9745e-08
0.02875	0.09125	2.02002e-08
0.03125	0.09125	2.09645e-08
0.03375	0.09125	2.15726e-08
0.03625	0.09125	2.27123e-08
0.03875	0.09125	2.35163e-08
0.04125	0.09125	2.51146e-08
0.04375	0.09125	2.5756e-08
0.04625	0.09125	2.73934e-08
0.04875	0.09125	2.97442e-08
0.05125	0.09125	2.97442e-08
0.05375	0.09125	2.73934e-08
0.05625	0.09125	2.5756e-08
0.05875	0.09125	2.51146e-08
0.06125	0.09125	2.35163e-08
0.06375	0.09125	2.27123e-08
0.06625	0.09125	2.15726e-08
0.06875	0.09125	2.09645e-08
0.07125	0.09125	2.02002e-08
0.07375	0.09125	1.9745e-08
0.07625	0.09125	1.92402e-08
0.07875	0.09125	1.89032e-08
0.08125	0.09125	1.85727e-08
0.08375	0.09125	1.83309e-08
0.08625	0.09125	1.81186e-08
0.08875	0.09125	1.79569e-08
0.09125	0.09125	1.78297e-08
0.09375	0.09125	1.77377e-08
0.09625	0.09125	1.7678e-08
0.09875	0.09125	1.76497e-08
0.00125	0.09375	1.95332e-08
0.00375	0.09375	1.95656e-08
0.00625	0.09375	1.96295e-08
0.00875	0.09375	1.97315e-08
0.01125	0.09375	1.98656e-08
0.01375	0.09375	2.00459e-08
0.01625	0.09375	2.02643e-08
0.01875	0.09375	2.05376e-08
0.02125	0.09375	2.08646e-08
0.02375	0.09375	2.1251e-08
0.02625	0.09375	2.17273e-08
0.02875	0.09375	2.22515e-08
0.03125	0.09375	2.29376e-08
0.03375	0.09375	2.36387e-08
0.03625	0.09375	2.45883e-08
0.03875	0.09375	2.55829e-08
0.04125	0.09375	2.6694e-08
0.04375	0.09375	2.82818e-08
0.04625	0.09375	2.88158e-08
0.04875	0.09375	2.96279e-08
0.05125	0.09375	2.96279e-08
0.05375	0.09375	2.88158e-08
0.05625	0.09375	2.82818e-08
0.05875	0.09375	2.6694e-08
0.06125	0.09375	2.55829e-08
0.06375	0.09375	2.45883e-08
0.06625	0.09375	2.36387e-08
0.06875	0.09375	2.29376e-08
0.07125	0.09375	2.22515e-08
0.07375	0.09375	2.17273e-08
0.07625	0.09375	2.1251e-08
0.07875	0.09375	2.08646e-08
0.08125	0.09375	2.05376e-08
0.08375	0.09375	2.02643e-08
0.08625	0.09375	2.00459e-08
0.08875	0.09375	1.98656e-08
0.09125	0.09375	1.97315e-08
0.09375	0.09375	1.96295e-08
0.09625	0.09375	1.95656e-08
0.09875	0.09375	1.95332e-08
0.00125	0.09625	1.98525e-08
0.00375	0.09625	1.98849e-08
0.00625	0.09625	1.99525e-08
0.00875	0.09625	2.00578e-08
0.01125	0.09625	2.02005e-08
0.01375	0.09625	2.03866e-08
0.01625	0.09625	2.06209e-08
0.01875	0.09625	2.0901e-08
0.02125	0.09625	2.12545e-08
0.02375	0.09625	2.16461e-08
0.02625	0.09625	2.21581e-08
0.02875	0.09625	2.26813e-08
0.03125	0.09625	2.33938e-08
0.03375	0.09625	2.40647e-08
0.03625	0.09625	2.49905e-08
0.03875	0.09625	2.5793e-08
0.04125	0.09625	2.68308e-08
0.04375	0.09625	2.76124e-08
0.04625	0.09625	2.83864e-08
0.04875	0.09625	2.90075e-08
0.05125	0.09625	2.90075e-08
0.05375	0.09625	2.83864e-08
0.05625	0.09625	2.76124e-08
0.05875	0.09625	2.68308e-08
0.06125	0.09625	2.5793e-08
0.06375	0.09625	2.49905e-08
0.06625	0.09625	2.40647e-08
0.06875	0.09625	2.33938e-08
0.07125	0.09625	2.26813e-08
0.07375	0.09625	2.21581e-08
0.07625	0.09625	2.16461e-08
0.07875	0.09625	2.12545e-08
0.08125	0.09625	2.0901e-08
0.08375	0.09625	2.06209e-08
0.08625	0.09625	2.03866e-08
0.08875	0.09625	2.02005e-08
0.09125	0.09625	2.00578e-08
0.09375	0.09625	1.99525e-08
0.09625	0.09625	1.98849e-08
0.09875	0.09625	1.98525e-08
0.00125	0.09875	2.19078e-08
0.00375	0.09875	2.19423e-08
0.00625	0.09875	2.20113e-08
0.00875	0.09875	2.21202e-08
0.01125	0.09875	2.22652e-08
0.01375	0.09875	2.24577e-08
0.01625	0.09875	2.26937e-08
0.01875	0.09875	2.29844e-08
0.02125	0.09875	2.33356e-08
0.02375	0.09875	2.37437e-08
0.02625	0.09875	2.42432e-08
0.02875	0.09875	2.47902e-08
0.03125	0.09875	2.54701e-08
0.03375	0.09875	2.61744e-08
0.03625	0.09875	2.70291e-08
0.03875	0.09875	2.78937e-08
0.04125	0.09875	2.87899e-08
0.04375	0.09875	2.97212e-08
0.04625	0.09875	3.02939e-08
0.04875	0.09875	3.07647e-08
0.05125	0.09875	3.07647e-08
0.05375	0.09875	3.02939e-08
0.05625	0.09875	2.97212e-08
0.05875	0.09875	2.87899e-08
0.06125	0.09875	2.78937e-08
0.06375	0.09875	2.70291e-08
0.06625	0.09875	2.61744e-08
0.06875	0.09875	2.54701e-08
0.07125	0.09875	2.47902e-08
0.07375	0.09875	2.42432e-08
0.07625	0.09875	2.37437e-08
0.07875	0.09875	2.33356e-08
0.08125	0.09875	2.29844e-08
0.08375	0.09875	2.26937e-08
0.08625	0.09875	2.24577e-08
0.08875	0.09875	2.22652e-08
0.09125	0.09875	2.21202e-08
0.09375	0.09875	2.20113e-08
0.09625	0.09875	2.19423e-08
0.09875	0.09875	2.19078e-08
